# location  velocity  "start time"  diameter  density
#  x y z     u v w
0.005	0.9970869129356519	1.6766652805245637	0.0	0.0	0.0	0.0	10.1e-6	977.0
0.005	0.9951808074363199	1.6744823577528287	0.0	0.0	0.0	0.0	10.1e-6	977.0
0.005	0.9862144513984471	1.6796684833057867	0.0	0.0	0.0	0.0	10.1e-6	977.0
0.005	1.0026464267112487	1.67741665375355	0.0	0.0	0.0	0.0	10.1e-6	977.0
0.005	0.988578287343986	1.6771070209240235	0.0	0.0	0.0	0.0	10.1e-6	977.0
0.005	1.0083685267177676	1.6767755944188931	0.0	0.0	0.0	0.25	10.1e-6	977.0
0.005	1.0084378467906683	1.6761673398534154	0.0	0.0	0.0	0.25	10.1e-6	977.0
0.005	0.9962722037221045	1.6731724974624689	0.0	0.0	0.0	0.25	10.1e-6	977.0
0.005	0.9956639047513434	1.67023795825597	0.0	0.0	0.0	0.25	10.1e-6	977.0
0.005	0.9824267196125207	1.6761158445881037	0.0	0.0	0.0	0.25	10.1e-6	977.0
0.005	1.0072368904122182	1.6741022767729385	0.0	0.0	0.0	0.5	10.1e-6	977.0
0.005	1.0041258209919324	1.6792563245030505	0.0	0.0	0.0	0.5	10.1e-6	977.0
0.005	1.0002694854870942	1.6753024952585593	0.0	0.0	0.0	0.5	10.1e-6	977.0
0.005	0.9837880811255847	1.6726939465190733	0.0	0.0	0.0	0.5	10.1e-6	977.0
0.005	1.0195737239063092	1.6764095843733564	0.0	0.0	0.0	0.5	10.1e-6	977.0
0.005	0.9828869223878058	1.6731999266735655	0.0	0.0	0.0	0.75	10.1e-6	977.0
0.005	0.9944417407359564	1.6704566070322036	0.0	0.0	0.0	0.75	10.1e-6	977.0
0.005	1.0012722009640547	1.672901096111278	0.0	0.0	0.0	0.75	10.1e-6	977.0
0.005	1.0080936443029886	1.6794625462043344	0.0	0.0	0.0	0.75	10.1e-6	977.0
0.005	1.019647411131508	1.676883468543622	0.0	0.0	0.0	0.75	10.1e-6	977.0
0.005	0.9850496407502102	1.6735004330383736	0.0	0.0	0.0	1.0	10.1e-6	977.0
0.005	1.0141964375564465	1.6741162148483657	0.0	0.0	0.0	1.0	10.1e-6	977.0
0.005	0.986313096099466	1.6726272723758533	0.0	0.0	0.0	1.0	10.1e-6	977.0
0.005	0.9981426594208715	1.6792008061666854	0.0	0.0	0.0	1.0	10.1e-6	977.0
0.005	1.004912022887325	1.6724291244694802	0.0	0.0	0.0	1.0	10.1e-6	977.0
0.005	0.9857861787253758	1.6754424501155145	0.0	0.0	0.0	1.25	10.1e-6	977.0
0.005	1.0015485154970174	1.676930986199274	0.0	0.0	0.0	1.25	10.1e-6	977.0
0.005	0.9802796982441178	1.6744640487672058	0.0	0.0	0.0	1.25	10.1e-6	977.0
0.005	0.9955918519264747	1.6709606575405034	0.0	0.0	0.0	1.25	10.1e-6	977.0
0.005	0.9990751616112669	1.671989575176227	0.0	0.0	0.0	1.25	10.1e-6	977.0
0.005	1.0102741089335634	1.6781934017870468	0.0	0.0	0.0	1.5	10.1e-6	977.0
0.005	0.9925452227029284	1.6750662466573623	0.0	0.0	0.0	1.5	10.1e-6	977.0
0.005	1.0196953173003103	1.679769550611315	0.0	0.0	0.0	1.5	10.1e-6	977.0
0.005	0.9816023689103295	1.6705839016087354	0.0	0.0	0.0	1.5	10.1e-6	977.0
0.005	0.9830027471583546	1.6784748575055943	0.0	0.0	0.0	1.5	10.1e-6	977.0
0.005	1.0079109200114005	1.674186025796885	0.0	0.0	0.0	1.75	10.1e-6	977.0
0.005	0.9954020759886677	1.6735921465863308	0.0	0.0	0.0	1.75	10.1e-6	977.0
0.005	0.9828599914390252	1.6781685468448062	0.0	0.0	0.0	1.75	10.1e-6	977.0
0.005	1.0058177553977206	1.6729684458565832	0.0	0.0	0.0	1.75	10.1e-6	977.0
0.005	1.0137767071290331	1.6781280279087434	0.0	0.0	0.0	1.75	10.1e-6	977.0
0.005	0.9855383986269682	1.6739229333024823	0.0	0.0	0.0	2.0	10.1e-6	977.0
0.005	1.0018827306490468	1.6715049641912476	0.0	0.0	0.0	2.0	10.1e-6	977.0
0.005	0.9962473442025427	1.6728064935184144	0.0	0.0	0.0	2.0	10.1e-6	977.0
0.005	1.001694767461094	1.6703117513807044	0.0	0.0	0.0	2.0	10.1e-6	977.0
0.005	1.0038108521352689	1.6734031356356012	0.0	0.0	0.0	2.0	10.1e-6	977.0
0.005	0.980984632664999	1.6773404864706924	0.0	0.0	0.0	2.25	10.1e-6	977.0
0.005	1.0186305421448933	1.6757318816639721	0.0	0.0	0.0	2.25	10.1e-6	977.0
0.005	0.9801573867522797	1.6726114692722527	0.0	0.0	0.0	2.25	10.1e-6	977.0
0.005	0.9850320832939993	1.6775563881343494	0.0	0.0	0.0	2.25	10.1e-6	977.0
0.005	0.9819713024420973	1.6747998578591488	0.0	0.0	0.0	2.25	10.1e-6	977.0
0.005	0.9951718931700559	1.6797398843918445	0.0	0.0	0.0	5.0	10.1e-6	977.0
0.005	1.0194962408402275	1.672471108476468	0.0	0.0	0.0	5.0	10.1e-6	977.0
0.005	1.0013161288465624	1.6730319731695888	0.0	0.0	0.0	5.0	10.1e-6	977.0
0.005	1.0004822546170737	1.677025351556852	0.0	0.0	0.0	5.0	10.1e-6	977.0
0.005	0.9858198749075854	1.6729332129901384	0.0	0.0	0.0	5.0	10.1e-6	977.0
0.005	1.0170140670706187	1.6796340120005382	0.0	0.0	0.0	5.25	10.1e-6	977.0
0.005	1.015568032174608	1.6792540431591936	0.0	0.0	0.0	5.25	10.1e-6	977.0
0.005	0.9925390892503376	1.6707989756732464	0.0	0.0	0.0	5.25	10.1e-6	977.0
0.005	1.0068032227989228	1.6720703854574215	0.0	0.0	0.0	5.25	10.1e-6	977.0
0.005	1.009093788631628	1.6748646012710509	0.0	0.0	0.0	5.25	10.1e-6	977.0
0.005	1.0175136941387364	1.6791113914860853	0.0	0.0	0.0	5.5	10.1e-6	977.0
0.005	1.0019196894840336	1.6791229608418092	0.0	0.0	0.0	5.5	10.1e-6	977.0
0.005	1.0054610315528871	1.6711266727673597	0.0	0.0	0.0	5.5	10.1e-6	977.0
0.005	0.9993002899370294	1.6758628356619722	0.0	0.0	0.0	5.5	10.1e-6	977.0
0.005	1.0121864005171135	1.6790048571198137	0.0	0.0	0.0	5.5	10.1e-6	977.0
0.005	0.9852060374740275	1.6789920898322945	0.0	0.0	0.0	5.75	10.1e-6	977.0
0.005	1.013140279580011	1.678831098861342	0.0	0.0	0.0	5.75	10.1e-6	977.0
0.005	0.9882347835974753	1.6745241143849492	0.0	0.0	0.0	5.75	10.1e-6	977.0
0.005	0.9972103648422223	1.6791547712860464	0.0	0.0	0.0	5.75	10.1e-6	977.0
0.005	0.9815149602999914	1.6747106953876039	0.0	0.0	0.0	5.75	10.1e-6	977.0
0.005	0.9894601181158612	1.6708609963916203	0.0	0.0	0.0	6.0	10.1e-6	977.0
0.005	0.9824437438178383	1.6771605962638363	0.0	0.0	0.0	6.0	10.1e-6	977.0
0.005	0.9987700252390019	1.6704231650879529	0.0	0.0	0.0	6.0	10.1e-6	977.0
0.005	0.9873459147960899	1.6765472181294752	0.0	0.0	0.0	6.0	10.1e-6	977.0
0.005	0.9917928104009451	1.6721590602087926	0.0	0.0	0.0	6.0	10.1e-6	977.0
0.005	1.0160193294689583	1.6797245413179758	0.0	0.0	0.0	6.25	10.1e-6	977.0
0.005	0.9823005245338118	1.678773284747202	0.0	0.0	0.0	6.25	10.1e-6	977.0
0.005	0.9803428254242391	1.6715062609349687	0.0	0.0	0.0	6.25	10.1e-6	977.0
0.005	1.0014522382524396	1.6713344883930643	0.0	0.0	0.0	6.25	10.1e-6	977.0
0.005	1.0099430778751557	1.6761739131405518	0.0	0.0	0.0	6.25	10.1e-6	977.0
0.005	1.005732845729135	1.6793666892819552	0.0	0.0	0.0	6.5	10.1e-6	977.0
0.005	0.9966761692242461	1.6756770372444338	0.0	0.0	0.0	6.5	10.1e-6	977.0
0.005	1.0196673568977552	1.6774019982227828	0.0	0.0	0.0	6.5	10.1e-6	977.0
0.005	0.9856082628426344	1.671398586965258	0.0	0.0	0.0	6.5	10.1e-6	977.0
0.005	1.0085492226804371	1.674025535674356	0.0	0.0	0.0	6.5	10.1e-6	977.0
0.005	1.0038254028672429	1.670440331447118	0.0	0.0	0.0	6.75	10.1e-6	977.0
0.005	0.9937254832830501	1.6725626058762582	0.0	0.0	0.0	6.75	10.1e-6	977.0
0.005	0.9890055483008934	1.6732788566794425	0.0	0.0	0.0	6.75	10.1e-6	977.0
0.005	0.9859641838237435	1.671019986817074	0.0	0.0	0.0	6.75	10.1e-6	977.0
0.005	1.0031101953055397	1.6745873893102476	0.0	0.0	0.0	6.75	10.1e-6	977.0
0.005	1.014194827723033	1.6761204092561384	0.0	0.0	0.0	7.0	10.1e-6	977.0
0.005	1.0089043769895565	1.6786246830222178	0.0	0.0	0.0	7.0	10.1e-6	977.0
0.005	0.9975061162598207	1.6723107628451006	0.0	0.0	0.0	7.0	10.1e-6	977.0
0.005	0.9963814915240593	1.675382012137187	0.0	0.0	0.0	7.0	10.1e-6	977.0
0.005	1.0010212694020724	1.677057737968752	0.0	0.0	0.0	7.0	10.1e-6	977.0
0.005	1.0195199517778804	1.6725979202806054	0.0	0.0	0.0	7.25	10.1e-6	977.0
0.005	1.0019306182679737	1.6767996948318988	0.0	0.0	0.0	7.25	10.1e-6	977.0
0.005	0.9951791118928327	1.675833219559379	0.0	0.0	0.0	7.25	10.1e-6	977.0
0.005	1.0030691826912985	1.6740220161132002	0.0	0.0	0.0	7.25	10.1e-6	977.0
0.005	0.9982639012243799	1.6726589140597	0.0	0.0	0.0	7.25	10.1e-6	977.0
0.005	1.0189166954867743	1.6766851675274768	0.0	0.0	0.0	10.0	10.1e-6	977.0
0.005	0.9944226695672633	1.6737414931420893	0.0	0.0	0.0	10.0	10.1e-6	977.0
0.005	1.0057995059197478	1.6748599354564406	0.0	0.0	0.0	10.0	10.1e-6	977.0
0.005	0.9988155011667825	1.6760465323091598	0.0	0.0	0.0	10.0	10.1e-6	977.0
0.005	1.0021049272246931	1.675676352798903	0.0	0.0	0.0	10.0	10.1e-6	977.0
0.005	0.9960001059972673	1.6777514018884887	0.0	0.0	0.0	10.25	10.1e-6	977.0
0.005	1.0172736082001834	1.6720595634159399	0.0	0.0	0.0	10.25	10.1e-6	977.0
0.005	1.001467355816078	1.6762569345797282	0.0	0.0	0.0	10.25	10.1e-6	977.0
0.005	0.9813526308249847	1.6715172287432223	0.0	0.0	0.0	10.25	10.1e-6	977.0
0.005	1.0060924424942395	1.6768743442246734	0.0	0.0	0.0	10.25	10.1e-6	977.0
0.005	0.9990790081615111	1.6721721480522258	0.0	0.0	0.0	10.5	10.1e-6	977.0
0.005	0.984135315752232	1.6723694384055836	0.0	0.0	0.0	10.5	10.1e-6	977.0
0.005	0.9896030273685044	1.6728928550962614	0.0	0.0	0.0	10.5	10.1e-6	977.0
0.005	1.016330298198792	1.6783012617029023	0.0	0.0	0.0	10.5	10.1e-6	977.0
0.005	0.9933371373409682	1.6711900660937515	0.0	0.0	0.0	10.5	10.1e-6	977.0
0.005	1.0113380161780183	1.678556100557762	0.0	0.0	0.0	10.75	10.1e-6	977.0
0.005	1.01746801718696	1.670043074816329	0.0	0.0	0.0	10.75	10.1e-6	977.0
0.005	0.9851655995532563	1.6732618209469492	0.0	0.0	0.0	10.75	10.1e-6	977.0
0.005	1.0087945500481312	1.6796479486221738	0.0	0.0	0.0	10.75	10.1e-6	977.0
0.005	0.9806669088136208	1.6788746912063013	0.0	0.0	0.0	10.75	10.1e-6	977.0
0.005	0.9876898919033683	1.6793451875133096	0.0	0.0	0.0	11.0	10.1e-6	977.0
0.005	0.9917128670163224	1.6739923678442676	0.0	0.0	0.0	11.0	10.1e-6	977.0
0.005	1.0170558722829506	1.6763005740596415	0.0	0.0	0.0	11.0	10.1e-6	977.0
0.005	0.9846302306631007	1.6724902312438963	0.0	0.0	0.0	11.0	10.1e-6	977.0
0.005	1.0128357916273583	1.6744684191180415	0.0	0.0	0.0	11.0	10.1e-6	977.0
0.005	0.9881761551197163	1.6709397554583654	0.0	0.0	0.0	11.25	10.1e-6	977.0
0.005	0.9870214730963545	1.671770782191175	0.0	0.0	0.0	11.25	10.1e-6	977.0
0.005	0.9927654779935778	1.676839067481265	0.0	0.0	0.0	11.25	10.1e-6	977.0
0.005	1.0043376323458266	1.6779847723700363	0.0	0.0	0.0	11.25	10.1e-6	977.0
0.005	0.9910040675759426	1.6786364991871336	0.0	0.0	0.0	11.25	10.1e-6	977.0
0.005	0.9919729169219924	1.670870822528006	0.0	0.0	0.0	11.5	10.1e-6	977.0
0.005	1.0184955233341457	1.6720748030404442	0.0	0.0	0.0	11.5	10.1e-6	977.0
0.005	1.0155997787651936	1.674572566949699	0.0	0.0	0.0	11.5	10.1e-6	977.0
0.005	1.0004501930601226	1.670766154229666	0.0	0.0	0.0	11.5	10.1e-6	977.0
0.005	0.9983062868919471	1.6716146938709038	0.0	0.0	0.0	11.5	10.1e-6	977.0
0.005	1.0185288862146713	1.6737933757016024	0.0	0.0	0.0	11.75	10.1e-6	977.0
0.005	0.9987937368970965	1.6734884596250552	0.0	0.0	0.0	11.75	10.1e-6	977.0
0.005	1.0161756103581765	1.672115795349197	0.0	0.0	0.0	11.75	10.1e-6	977.0
0.005	1.0192472926108058	1.6790803458731276	0.0	0.0	0.0	11.75	10.1e-6	977.0
0.005	0.9833477301541425	1.6730693287573202	0.0	0.0	0.0	11.75	10.1e-6	977.0
0.005	0.9957949848179017	1.6700447701177525	0.0	0.0	0.0	12.0	10.1e-6	977.0
0.005	1.0188126424577117	1.6746669607307583	0.0	0.0	0.0	12.0	10.1e-6	977.0
0.005	1.0056858721905733	1.6764272239602613	0.0	0.0	0.0	12.0	10.1e-6	977.0
0.005	1.0121616067116923	1.6711077317870413	0.0	0.0	0.0	12.0	10.1e-6	977.0
0.005	1.0199266135547642	1.674529164658696	0.0	0.0	0.0	12.0	10.1e-6	977.0
0.005	0.9952747788792914	1.673509659202681	0.0	0.0	0.0	12.25	10.1e-6	977.0
0.005	1.015478357481298	1.6755044129650798	0.0	0.0	0.0	12.25	10.1e-6	977.0
0.005	1.0047322374323095	1.6737453882978943	0.0	0.0	0.0	12.25	10.1e-6	977.0
0.005	1.0086032823641782	1.671446495400383	0.0	0.0	0.0	12.25	10.1e-6	977.0
0.005	1.0067929862916503	1.6768055283873067	0.0	0.0	0.0	12.25	10.1e-6	977.0
0.005	0.9909743019188804	1.6708455128600215	0.0	0.0	0.0	15.0	10.1e-6	977.0
0.005	1.0024800238134763	1.672232038654445	0.0	0.0	0.0	15.0	10.1e-6	977.0
0.005	0.996099646397826	1.6764731833173587	0.0	0.0	0.0	15.0	10.1e-6	977.0
0.005	0.9911849352239059	1.6706917525247509	0.0	0.0	0.0	15.0	10.1e-6	977.0
0.005	0.9869061988459797	1.6790898362681455	0.0	0.0	0.0	15.0	10.1e-6	977.0
0.005	1.0072639993118018	1.6764691311582085	0.0	0.0	0.0	15.25	10.1e-6	977.0
0.005	1.0171298187716045	1.6789935005670908	0.0	0.0	0.0	15.25	10.1e-6	977.0
0.005	1.0065061260176624	1.6764344240678704	0.0	0.0	0.0	15.25	10.1e-6	977.0
0.005	0.9965039856472393	1.6795384183956588	0.0	0.0	0.0	15.25	10.1e-6	977.0
0.005	1.0048590188553532	1.6761184116249326	0.0	0.0	0.0	15.25	10.1e-6	977.0
0.005	1.0146629255663246	1.6723804010648395	0.0	0.0	0.0	15.5	10.1e-6	977.0
0.005	1.015553617527554	1.6725377228231046	0.0	0.0	0.0	15.5	10.1e-6	977.0
0.005	1.010968304056581	1.670276556599921	0.0	0.0	0.0	15.5	10.1e-6	977.0
0.005	1.0059216742795176	1.6796476159863063	0.0	0.0	0.0	15.5	10.1e-6	977.0
0.005	0.9835348311816559	1.673274061834246	0.0	0.0	0.0	15.5	10.1e-6	977.0
0.005	1.0147647205761736	1.6764803811904045	0.0	0.0	0.0	15.75	10.1e-6	977.0
0.005	0.9870402654744704	1.6745167887134538	0.0	0.0	0.0	15.75	10.1e-6	977.0
0.005	1.0094993082461239	1.6733865904317808	0.0	0.0	0.0	15.75	10.1e-6	977.0
0.005	1.002876143437442	1.6759664164226598	0.0	0.0	0.0	15.75	10.1e-6	977.0
0.005	1.0081601212383215	1.6707778825426587	0.0	0.0	0.0	15.75	10.1e-6	977.0
0.005	1.0126183618619664	1.672579778760328	0.0	0.0	0.0	16.0	10.1e-6	977.0
0.005	1.008956824738132	1.6757734275899483	0.0	0.0	0.0	16.0	10.1e-6	977.0
0.005	0.999451176433313	1.6745261606906536	0.0	0.0	0.0	16.0	10.1e-6	977.0
0.005	0.9973630505315645	1.6792367743688852	0.0	0.0	0.0	16.0	10.1e-6	977.0
0.005	1.0124215491900246	1.6797522876038398	0.0	0.0	0.0	16.0	10.1e-6	977.0
0.005	0.9929102363423992	1.6793132357274827	0.0	0.0	0.0	16.25	10.1e-6	977.0
0.005	1.0192392240763097	1.6752882530825353	0.0	0.0	0.0	16.25	10.1e-6	977.0
0.005	1.0045804659540711	1.6757921513277279	0.0	0.0	0.0	16.25	10.1e-6	977.0
0.005	1.0090931932637062	1.6740893541798076	0.0	0.0	0.0	16.25	10.1e-6	977.0
0.005	1.0191090162920762	1.6790486018476578	0.0	0.0	0.0	16.25	10.1e-6	977.0
0.005	1.0000491236235505	1.6740955077864659	0.0	0.0	0.0	16.5	10.1e-6	977.0
0.005	1.0177411098700433	1.673613470314951	0.0	0.0	0.0	16.5	10.1e-6	977.0
0.005	0.9824534912804342	1.679807394511918	0.0	0.0	0.0	16.5	10.1e-6	977.0
0.005	0.9918407583343992	1.6750458135129145	0.0	0.0	0.0	16.5	10.1e-6	977.0
0.005	0.9968790546161932	1.672467302554335	0.0	0.0	0.0	16.5	10.1e-6	977.0
0.005	0.980472139242957	1.6716035929305961	0.0	0.0	0.0	16.75	10.1e-6	977.0
0.005	1.0172352595868346	1.6773427505749574	0.0	0.0	0.0	16.75	10.1e-6	977.0
0.005	1.01673588215064	1.679735658429396	0.0	0.0	0.0	16.75	10.1e-6	977.0
0.005	0.990614263077844	1.6736778176729719	0.0	0.0	0.0	16.75	10.1e-6	977.0
0.005	0.991750210103314	1.6735873170407884	0.0	0.0	0.0	16.75	10.1e-6	977.0
0.005	0.9984606342463204	1.6769103432947652	0.0	0.0	0.0	17.0	10.1e-6	977.0
0.005	0.9949342121866478	1.6770299656588745	0.0	0.0	0.0	17.0	10.1e-6	977.0
0.005	0.9864931691780989	1.6760230363755535	0.0	0.0	0.0	17.0	10.1e-6	977.0
0.005	1.014420760490547	1.6714438998072396	0.0	0.0	0.0	17.0	10.1e-6	977.0
0.005	1.0101932273313448	1.6758288247847433	0.0	0.0	0.0	17.0	10.1e-6	977.0
0.005	1.009288170452844	1.6755394862542188	0.0	0.0	0.0	17.25	10.1e-6	977.0
0.005	1.0191037183637295	1.6793963332077422	0.0	0.0	0.0	17.25	10.1e-6	977.0
0.005	1.0089711330465587	1.678169407030168	0.0	0.0	0.0	17.25	10.1e-6	977.0
0.005	0.9841875038035881	1.6700708783217801	0.0	0.0	0.0	17.25	10.1e-6	977.0
0.005	0.9842022027990367	1.6745471271841463	0.0	0.0	0.0	17.25	10.1e-6	977.0
0.005	0.9872272377055132	1.6716963351356775	0.0	0.0	0.0	20.0	10.1e-6	977.0
0.005	1.0188186168757503	1.6766104826664578	0.0	0.0	0.0	20.0	10.1e-6	977.0
0.005	1.006669854338486	1.676665745145811	0.0	0.0	0.0	20.0	10.1e-6	977.0
0.005	1.015736615988217	1.679011374720444	0.0	0.0	0.0	20.0	10.1e-6	977.0
0.005	1.0155228932482463	1.674803978541221	0.0	0.0	0.0	20.0	10.1e-6	977.0
0.005	1.0161099651262098	1.6778574174633274	0.0	0.0	0.0	20.25	10.1e-6	977.0
0.005	1.0157273590280274	1.6775915126087042	0.0	0.0	0.0	20.25	10.1e-6	977.0
0.005	1.012995394143037	1.67795493282035	0.0	0.0	0.0	20.25	10.1e-6	977.0
0.005	1.0044482748997474	1.6739155571328985	0.0	0.0	0.0	20.25	10.1e-6	977.0
0.005	1.0174764469061948	1.6708365126442626	0.0	0.0	0.0	20.25	10.1e-6	977.0
0.005	1.0024006426985252	1.6778272460167531	0.0	0.0	0.0	20.5	10.1e-6	977.0
0.005	0.9863599392201926	1.6775638734935712	0.0	0.0	0.0	20.5	10.1e-6	977.0
0.005	0.9872710487958234	1.6733088658960444	0.0	0.0	0.0	20.5	10.1e-6	977.0
0.005	0.9994889273534254	1.6703713602398185	0.0	0.0	0.0	20.5	10.1e-6	977.0
0.005	0.9937631546047209	1.6730674024727556	0.0	0.0	0.0	20.5	10.1e-6	977.0
0.005	1.0179434221103876	1.6772728408148148	0.0	0.0	0.0	20.75	10.1e-6	977.0
0.005	1.0195656763506196	1.6766334329794275	0.0	0.0	0.0	20.75	10.1e-6	977.0
0.005	1.009039905280501	1.675320206487443	0.0	0.0	0.0	20.75	10.1e-6	977.0
0.005	0.9879395038491843	1.6785384925316456	0.0	0.0	0.0	20.75	10.1e-6	977.0
0.005	0.980343070858228	1.671942605814516	0.0	0.0	0.0	20.75	10.1e-6	977.0
0.005	1.0143644205944762	1.6702870851707377	0.0	0.0	0.0	21.0	10.1e-6	977.0
0.005	1.0088710371588347	1.6742327164521036	0.0	0.0	0.0	21.0	10.1e-6	977.0
0.005	0.9830550309277887	1.6760953809251187	0.0	0.0	0.0	21.0	10.1e-6	977.0
0.005	0.9837687581826893	1.673784491503098	0.0	0.0	0.0	21.0	10.1e-6	977.0
0.005	0.9944805495650482	1.6711368692048252	0.0	0.0	0.0	21.0	10.1e-6	977.0
0.005	1.0132174245121366	1.679359423000552	0.0	0.0	0.0	21.25	10.1e-6	977.0
0.005	1.000227426178654	1.676780584487947	0.0	0.0	0.0	21.25	10.1e-6	977.0
0.005	1.0101938365591563	1.6758762457637066	0.0	0.0	0.0	21.25	10.1e-6	977.0
0.005	1.0120909812639438	1.6727041587554696	0.0	0.0	0.0	21.25	10.1e-6	977.0
0.005	1.0174414824458762	1.6712619229991157	0.0	0.0	0.0	21.25	10.1e-6	977.0
0.005	1.0011325516268603	1.6778858551010951	0.0	0.0	0.0	21.5	10.1e-6	977.0
0.005	0.9955121455136694	1.6791781995763908	0.0	0.0	0.0	21.5	10.1e-6	977.0
0.005	0.9951322730639449	1.6703030892615525	0.0	0.0	0.0	21.5	10.1e-6	977.0
0.005	1.0024549897241426	1.6788838704115299	0.0	0.0	0.0	21.5	10.1e-6	977.0
0.005	0.9911966607292045	1.6777958566709785	0.0	0.0	0.0	21.5	10.1e-6	977.0
0.005	0.9862723054452285	1.6774232380791525	0.0	0.0	0.0	21.75	10.1e-6	977.0
0.005	1.0142871287933322	1.6778901326006295	0.0	0.0	0.0	21.75	10.1e-6	977.0
0.005	0.9980870321232803	1.678955571815607	0.0	0.0	0.0	21.75	10.1e-6	977.0
0.005	1.0114324942048312	1.676283948677054	0.0	0.0	0.0	21.75	10.1e-6	977.0
0.005	1.0064527613614644	1.6739707579224599	0.0	0.0	0.0	21.75	10.1e-6	977.0
0.005	1.0102293136406082	1.6787777744257977	0.0	0.0	0.0	22.0	10.1e-6	977.0
0.005	1.0019178580288006	1.6702257952863306	0.0	0.0	0.0	22.0	10.1e-6	977.0
0.005	0.9988048292077201	1.6724031676817745	0.0	0.0	0.0	22.0	10.1e-6	977.0
0.005	1.0094652878100596	1.6743869436548364	0.0	0.0	0.0	22.0	10.1e-6	977.0
0.005	1.0073926174175745	1.672355757097792	0.0	0.0	0.0	22.0	10.1e-6	977.0
0.005	0.9888869160428175	1.6720649926329654	0.0	0.0	0.0	22.25	10.1e-6	977.0
0.005	0.9929985167610675	1.6783070230381332	0.0	0.0	0.0	22.25	10.1e-6	977.0
0.005	1.006801774192448	1.6753684112837886	0.0	0.0	0.0	22.25	10.1e-6	977.0
0.005	0.9971374424663995	1.6740693174969834	0.0	0.0	0.0	22.25	10.1e-6	977.0
0.005	1.0172570782995558	1.6734152160394917	0.0	0.0	0.0	22.25	10.1e-6	977.0
0.005	0.9866916025402239	1.6788828359363206	0.0	0.0	0.0	25.0	10.1e-6	977.0
0.005	0.9933678966187418	1.6732635552824475	0.0	0.0	0.0	25.0	10.1e-6	977.0
0.005	0.9857659572751245	1.6785712489856697	0.0	0.0	0.0	25.0	10.1e-6	977.0
0.005	1.0020286972880326	1.6798281672079711	0.0	0.0	0.0	25.0	10.1e-6	977.0
0.005	0.9927871986880628	1.6763371430165317	0.0	0.0	0.0	25.0	10.1e-6	977.0
0.005	0.9804271431007018	1.6753676877158203	0.0	0.0	0.0	25.25	10.1e-6	977.0
0.005	1.0065126664698407	1.6748455837338876	0.0	0.0	0.0	25.25	10.1e-6	977.0
0.005	0.9875188563362922	1.6794177408173714	0.0	0.0	0.0	25.25	10.1e-6	977.0
0.005	0.9912793783196092	1.6759153716297486	0.0	0.0	0.0	25.25	10.1e-6	977.0
0.005	1.0020120802322767	1.6708457425926293	0.0	0.0	0.0	25.25	10.1e-6	977.0
0.005	0.9856466492877418	1.6780926554324143	0.0	0.0	0.0	25.5	10.1e-6	977.0
0.005	1.018481529728265	1.6703265853882139	0.0	0.0	0.0	25.5	10.1e-6	977.0
0.005	1.0160940071344708	1.6744392005164082	0.0	0.0	0.0	25.5	10.1e-6	977.0
0.005	1.0087131506097005	1.6788796622617355	0.0	0.0	0.0	25.5	10.1e-6	977.0
0.005	1.0075299568476472	1.6770518878282519	0.0	0.0	0.0	25.5	10.1e-6	977.0
0.005	0.9815952186655201	1.677533796337435	0.0	0.0	0.0	25.75	10.1e-6	977.0
0.005	1.0021235558060808	1.6748809617902929	0.0	0.0	0.0	25.75	10.1e-6	977.0
0.005	1.0192291488839036	1.6777104818648014	0.0	0.0	0.0	25.75	10.1e-6	977.0
0.005	1.0105245424367035	1.6702218561897593	0.0	0.0	0.0	25.75	10.1e-6	977.0
0.005	0.9888774468289241	1.6798505487887596	0.0	0.0	0.0	25.75	10.1e-6	977.0
0.005	1.0014242969856688	1.6768821209806544	0.0	0.0	0.0	26.0	10.1e-6	977.0
0.005	1.0104039158853535	1.6722374253860979	0.0	0.0	0.0	26.0	10.1e-6	977.0
0.005	0.9990465099588807	1.6732735379690582	0.0	0.0	0.0	26.0	10.1e-6	977.0
0.005	0.9933388372554328	1.6780467355371196	0.0	0.0	0.0	26.0	10.1e-6	977.0
0.005	0.9938880939658247	1.678376854002045	0.0	0.0	0.0	26.0	10.1e-6	977.0
0.005	0.9840205552905352	1.6731358585405331	0.0	0.0	0.0	26.25	10.1e-6	977.0
0.005	0.9954662374602229	1.6756052390218639	0.0	0.0	0.0	26.25	10.1e-6	977.0
0.005	1.017322155497403	1.6784867212303998	0.0	0.0	0.0	26.25	10.1e-6	977.0
0.005	0.9999974032740299	1.670970177420897	0.0	0.0	0.0	26.25	10.1e-6	977.0
0.005	0.9981021745367668	1.6720609775535515	0.0	0.0	0.0	26.25	10.1e-6	977.0
0.005	0.9875255598860047	1.6773127245438073	0.0	0.0	0.0	26.5	10.1e-6	977.0
0.005	0.9840210327549713	1.6722405295984326	0.0	0.0	0.0	26.5	10.1e-6	977.0
0.005	0.9872015376193463	1.67979530639567	0.0	0.0	0.0	26.5	10.1e-6	977.0
0.005	0.9898335253971356	1.677639871145932	0.0	0.0	0.0	26.5	10.1e-6	977.0
0.005	0.9848596717137984	1.676085425691907	0.0	0.0	0.0	26.5	10.1e-6	977.0
0.005	0.9952767053577379	1.6741149535868296	0.0	0.0	0.0	26.75	10.1e-6	977.0
0.005	1.0112365982835467	1.676586873944274	0.0	0.0	0.0	26.75	10.1e-6	977.0
0.005	0.9818100384303843	1.6728797144855332	0.0	0.0	0.0	26.75	10.1e-6	977.0
0.005	0.9822025599660301	1.6753024766389788	0.0	0.0	0.0	26.75	10.1e-6	977.0
0.005	1.0023248956751587	1.6759397835307608	0.0	0.0	0.0	26.75	10.1e-6	977.0
0.005	1.0160668661561092	1.6780086657077926	0.0	0.0	0.0	27.0	10.1e-6	977.0
0.005	1.0095140102073359	1.6711238582882177	0.0	0.0	0.0	27.0	10.1e-6	977.0
0.005	0.9871810119826891	1.6718946815131337	0.0	0.0	0.0	27.0	10.1e-6	977.0
0.005	0.9834909758917628	1.6776336624824737	0.0	0.0	0.0	27.0	10.1e-6	977.0
0.005	0.9857672677579721	1.6730538227675453	0.0	0.0	0.0	27.0	10.1e-6	977.0
0.005	1.0165227612389889	1.6754864428510667	0.0	0.0	0.0	27.25	10.1e-6	977.0
0.005	0.9964357662378879	1.6725726995676509	0.0	0.0	0.0	27.25	10.1e-6	977.0
0.005	1.0194094443883877	1.6746123410674547	0.0	0.0	0.0	27.25	10.1e-6	977.0
0.005	1.0198822843048092	1.6724854218695429	0.0	0.0	0.0	27.25	10.1e-6	977.0
0.005	0.9804081539000097	1.6700741338508962	0.0	0.0	0.0	27.25	10.1e-6	977.0
0.005	1.0069893507569447	1.6724817902504048	0.0	0.0	0.0	30.0	10.1e-6	977.0
0.005	0.9882653424318427	1.6701896521720618	0.0	0.0	0.0	30.0	10.1e-6	977.0
0.005	0.9900443605082424	1.6702709064899337	0.0	0.0	0.0	30.0	10.1e-6	977.0
0.005	0.9865974314952817	1.6782681980158762	0.0	0.0	0.0	30.0	10.1e-6	977.0
0.005	0.9973969903762062	1.6705549877073633	0.0	0.0	0.0	30.0	10.1e-6	977.0
0.005	1.0179638372542335	1.6768899681301	0.0	0.0	0.0	30.25	10.1e-6	977.0
0.005	0.9954417600071896	1.6701134993842743	0.0	0.0	0.0	30.25	10.1e-6	977.0
0.005	0.9936879614011385	1.6768440410342917	0.0	0.0	0.0	30.25	10.1e-6	977.0
0.005	0.9987751143403995	1.67486685597359	0.0	0.0	0.0	30.25	10.1e-6	977.0
0.005	1.0183768708316534	1.6753603251508358	0.0	0.0	0.0	30.25	10.1e-6	977.0
0.005	0.9903701103763679	1.6709359796903656	0.0	0.0	0.0	30.5	10.1e-6	977.0
0.005	1.0149041014754996	1.6730253012952356	0.0	0.0	0.0	30.5	10.1e-6	977.0
0.005	1.0063626501952794	1.672602689626734	0.0	0.0	0.0	30.5	10.1e-6	977.0
0.005	0.993894615704676	1.6731697049059067	0.0	0.0	0.0	30.5	10.1e-6	977.0
0.005	1.0117948760352458	1.6734084900621677	0.0	0.0	0.0	30.5	10.1e-6	977.0
0.005	0.9855186286932495	1.677865085095418	0.0	0.0	0.0	30.75	10.1e-6	977.0
0.005	1.0125281214016748	1.671895640605729	0.0	0.0	0.0	30.75	10.1e-6	977.0
0.005	1.0186725025563856	1.6740953712310036	0.0	0.0	0.0	30.75	10.1e-6	977.0
0.005	1.0158281811158034	1.678145409410863	0.0	0.0	0.0	30.75	10.1e-6	977.0
0.005	1.0153465339790722	1.674918665111712	0.0	0.0	0.0	30.75	10.1e-6	977.0
0.005	1.0157529842614277	1.6745475319861565	0.0	0.0	0.0	31.0	10.1e-6	977.0
0.005	1.0037085662537837	1.674636851179922	0.0	0.0	0.0	31.0	10.1e-6	977.0
0.005	1.0132084356789859	1.676834187530882	0.0	0.0	0.0	31.0	10.1e-6	977.0
0.005	1.0193783956587783	1.6708702367666177	0.0	0.0	0.0	31.0	10.1e-6	977.0
0.005	1.0016883735529978	1.672870309477747	0.0	0.0	0.0	31.0	10.1e-6	977.0
0.005	0.9841207344309355	1.6793908535296587	0.0	0.0	0.0	31.25	10.1e-6	977.0
0.005	1.0047062286869268	1.677478542717506	0.0	0.0	0.0	31.25	10.1e-6	977.0
0.005	1.0102873480911458	1.6713526173348234	0.0	0.0	0.0	31.25	10.1e-6	977.0
0.005	0.9804841908949347	1.6792893623508742	0.0	0.0	0.0	31.25	10.1e-6	977.0
0.005	0.9859115901179281	1.6754498753423899	0.0	0.0	0.0	31.25	10.1e-6	977.0
0.005	0.9977144026086409	1.6713319842801058	0.0	0.0	0.0	31.5	10.1e-6	977.0
0.005	0.9902517162022593	1.6790145843021096	0.0	0.0	0.0	31.5	10.1e-6	977.0
0.005	0.9908817800059558	1.6744963603668461	0.0	0.0	0.0	31.5	10.1e-6	977.0
0.005	0.9825646008427344	1.6749007423822615	0.0	0.0	0.0	31.5	10.1e-6	977.0
0.005	1.007556195867692	1.670661286194216	0.0	0.0	0.0	31.5	10.1e-6	977.0
0.005	0.9893192258063218	1.6757143867792283	0.0	0.0	0.0	31.75	10.1e-6	977.0
0.005	1.0130110207174656	1.6755486766388077	0.0	0.0	0.0	31.75	10.1e-6	977.0
0.005	0.9976565096834527	1.6724127509205022	0.0	0.0	0.0	31.75	10.1e-6	977.0
0.005	0.9911664717149404	1.672916159543803	0.0	0.0	0.0	31.75	10.1e-6	977.0
0.005	1.006547140928202	1.6706099470287132	0.0	0.0	0.0	31.75	10.1e-6	977.0
0.005	0.9932288744946668	1.6732423525907159	0.0	0.0	0.0	32.0	10.1e-6	977.0
0.005	1.0124452192008404	1.6751165450968144	0.0	0.0	0.0	32.0	10.1e-6	977.0
0.005	0.9945194245017405	1.6730823782213664	0.0	0.0	0.0	32.0	10.1e-6	977.0
0.005	0.9889251390401218	1.6711373205618982	0.0	0.0	0.0	32.0	10.1e-6	977.0
0.005	0.9914222628483398	1.6701924650094142	0.0	0.0	0.0	32.0	10.1e-6	977.0
0.005	1.005067027992417	1.674372293669719	0.0	0.0	0.0	32.25	10.1e-6	977.0
0.005	1.0177989816905304	1.6712690971842943	0.0	0.0	0.0	32.25	10.1e-6	977.0
0.005	0.9846358063965266	1.6724143140141867	0.0	0.0	0.0	32.25	10.1e-6	977.0
0.005	1.015250060423951	1.6721774917441925	0.0	0.0	0.0	32.25	10.1e-6	977.0
0.005	1.0110140433595127	1.6710172400725907	0.0	0.0	0.0	32.25	10.1e-6	977.0
0.005	0.9825411527921923	1.6703749705984299	0.0	0.0	0.0	35.0	10.1e-6	977.0
0.005	0.994234416545212	1.6766823165970046	0.0	0.0	0.0	35.0	10.1e-6	977.0
0.005	1.0196839719885868	1.6756376015802803	0.0	0.0	0.0	35.0	10.1e-6	977.0
0.005	0.986127465880335	1.6779272853829874	0.0	0.0	0.0	35.0	10.1e-6	977.0
0.005	0.9916671768043575	1.6764819873219392	0.0	0.0	0.0	35.0	10.1e-6	977.0
0.005	1.0146813267167067	1.6754923772877386	0.0	0.0	0.0	35.25	10.1e-6	977.0
0.005	1.0009739669806808	1.675206821752876	0.0	0.0	0.0	35.25	10.1e-6	977.0
0.005	0.9879436586107291	1.6795895019422056	0.0	0.0	0.0	35.25	10.1e-6	977.0
0.005	1.0058737682050498	1.6702088794792314	0.0	0.0	0.0	35.25	10.1e-6	977.0
0.005	1.0111881280911095	1.6760328336044972	0.0	0.0	0.0	35.25	10.1e-6	977.0
0.005	1.0144048268567585	1.671316948529133	0.0	0.0	0.0	35.5	10.1e-6	977.0
0.005	0.9878380386977056	1.6741194571792921	0.0	0.0	0.0	35.5	10.1e-6	977.0
0.005	1.0103729796356138	1.67676964789725	0.0	0.0	0.0	35.5	10.1e-6	977.0
0.005	0.9955253745704419	1.6714424903943383	0.0	0.0	0.0	35.5	10.1e-6	977.0
0.005	0.9992307309765194	1.6752150866266828	0.0	0.0	0.0	35.5	10.1e-6	977.0
0.005	0.9837265402281381	1.6712890570019654	0.0	0.0	0.0	35.75	10.1e-6	977.0
0.005	0.9982597112776257	1.678870002818852	0.0	0.0	0.0	35.75	10.1e-6	977.0
0.005	0.9927878344940299	1.674060010090186	0.0	0.0	0.0	35.75	10.1e-6	977.0
0.005	1.0115762520135159	1.6708087319441765	0.0	0.0	0.0	35.75	10.1e-6	977.0
0.005	0.9950157363338515	1.6776923541051887	0.0	0.0	0.0	35.75	10.1e-6	977.0
0.005	0.9858847398077102	1.6710202218728065	0.0	0.0	0.0	36.0	10.1e-6	977.0
0.005	0.9870494557872082	1.67915250686463	0.0	0.0	0.0	36.0	10.1e-6	977.0
0.005	1.0099433554280692	1.67842088601368	0.0	0.0	0.0	36.0	10.1e-6	977.0
0.005	1.0099027143630992	1.675505234320821	0.0	0.0	0.0	36.0	10.1e-6	977.0
0.005	0.9854446895846732	1.6774477561544983	0.0	0.0	0.0	36.0	10.1e-6	977.0
0.005	1.0044249110572174	1.674679878088546	0.0	0.0	0.0	36.25	10.1e-6	977.0
0.005	1.0081615225427194	1.6799921948732213	0.0	0.0	0.0	36.25	10.1e-6	977.0
0.005	1.0157688629764263	1.6724575394789207	0.0	0.0	0.0	36.25	10.1e-6	977.0
0.005	1.001902967651914	1.678610116051014	0.0	0.0	0.0	36.25	10.1e-6	977.0
0.005	1.012394993427578	1.671851169915424	0.0	0.0	0.0	36.25	10.1e-6	977.0
0.005	0.9912582063563152	1.670792652602367	0.0	0.0	0.0	36.5	10.1e-6	977.0
0.005	0.9938702848831937	1.6727798993442573	0.0	0.0	0.0	36.5	10.1e-6	977.0
0.005	0.9987334051989444	1.6776143308087288	0.0	0.0	0.0	36.5	10.1e-6	977.0
0.005	1.0097425295160363	1.6740826534374718	0.0	0.0	0.0	36.5	10.1e-6	977.0
0.005	0.9874974526493653	1.6789904748850082	0.0	0.0	0.0	36.5	10.1e-6	977.0
0.005	1.0096998123930943	1.6763599994764464	0.0	0.0	0.0	36.75	10.1e-6	977.0
0.005	0.9988147348481218	1.6751373921784571	0.0	0.0	0.0	36.75	10.1e-6	977.0
0.005	1.0063941634108557	1.6742308220472835	0.0	0.0	0.0	36.75	10.1e-6	977.0
0.005	1.006136606871196	1.677003307077686	0.0	0.0	0.0	36.75	10.1e-6	977.0
0.005	0.9960735761413183	1.6774761612938303	0.0	0.0	0.0	36.75	10.1e-6	977.0
0.005	1.0100946524514622	1.6708824220790266	0.0	0.0	0.0	37.0	10.1e-6	977.0
0.005	0.9937098241476313	1.6721996355119273	0.0	0.0	0.0	37.0	10.1e-6	977.0
0.005	1.0048646033741528	1.6759239839338056	0.0	0.0	0.0	37.0	10.1e-6	977.0
0.005	0.9901802531725258	1.6750273361052204	0.0	0.0	0.0	37.0	10.1e-6	977.0
0.005	1.0001938435122888	1.6740681027042918	0.0	0.0	0.0	37.0	10.1e-6	977.0
0.005	1.0021527476021916	1.670465385128305	0.0	0.0	0.0	37.25	10.1e-6	977.0
0.005	1.0028025178779587	1.6778007041945238	0.0	0.0	0.0	37.25	10.1e-6	977.0
0.005	1.003741458969229	1.6781321458195366	0.0	0.0	0.0	37.25	10.1e-6	977.0
0.005	0.9862762901558778	1.6713860539642549	0.0	0.0	0.0	37.25	10.1e-6	977.0
0.005	0.9855711389965314	1.6752727079380865	0.0	0.0	0.0	37.25	10.1e-6	977.0
0.005	1.0136528441053345	1.670830252378687	0.0	0.0	0.0	40.0	10.1e-6	977.0
0.005	0.9961267810147623	1.6711808154444976	0.0	0.0	0.0	40.0	10.1e-6	977.0
0.005	1.0189690959353443	1.673130083667844	0.0	0.0	0.0	40.0	10.1e-6	977.0
0.005	1.005054809331434	1.67192132047008	0.0	0.0	0.0	40.0	10.1e-6	977.0
0.005	1.0180155743618953	1.6762603534918645	0.0	0.0	0.0	40.0	10.1e-6	977.0
0.005	1.011875370037371	1.6755613687341075	0.0	0.0	0.0	40.25	10.1e-6	977.0
0.005	1.003759754932547	1.6795857124446603	0.0	0.0	0.0	40.25	10.1e-6	977.0
0.005	1.017890790444671	1.6761809494269186	0.0	0.0	0.0	40.25	10.1e-6	977.0
0.005	1.0119660443705474	1.6772233491590727	0.0	0.0	0.0	40.25	10.1e-6	977.0
0.005	0.9988400012052091	1.675525984720182	0.0	0.0	0.0	40.25	10.1e-6	977.0
0.005	1.0042165656561495	1.6795163750334976	0.0	0.0	0.0	40.5	10.1e-6	977.0
0.005	0.9935877759850872	1.6732067264195758	0.0	0.0	0.0	40.5	10.1e-6	977.0
0.005	0.9933688531394165	1.6728176753668185	0.0	0.0	0.0	40.5	10.1e-6	977.0
0.005	1.0022413589491628	1.6767342594380215	0.0	0.0	0.0	40.5	10.1e-6	977.0
0.005	0.9876578978865028	1.6746418699382717	0.0	0.0	0.0	40.5	10.1e-6	977.0
0.005	1.0147914959468374	1.6734083193617897	0.0	0.0	0.0	40.75	10.1e-6	977.0
0.005	0.9891401716838502	1.6702324485097653	0.0	0.0	0.0	40.75	10.1e-6	977.0
0.005	0.9910170793655732	1.6734915541608497	0.0	0.0	0.0	40.75	10.1e-6	977.0
0.005	1.0075363118869882	1.6775561776971997	0.0	0.0	0.0	40.75	10.1e-6	977.0
0.005	1.003893652088841	1.67960444480842	0.0	0.0	0.0	40.75	10.1e-6	977.0
0.005	1.0196751290015773	1.670574186615438	0.0	0.0	0.0	41.0	10.1e-6	977.0
0.005	0.98333472595244	1.6778254009619968	0.0	0.0	0.0	41.0	10.1e-6	977.0
0.005	1.0060495629599837	1.6738116243550376	0.0	0.0	0.0	41.0	10.1e-6	977.0
0.005	0.9958380640840869	1.676059137400445	0.0	0.0	0.0	41.0	10.1e-6	977.0
0.005	1.0168755109429315	1.6772348476909547	0.0	0.0	0.0	41.0	10.1e-6	977.0
0.005	1.003918567986448	1.6788202180383704	0.0	0.0	0.0	41.25	10.1e-6	977.0
0.005	1.0072177513776908	1.6769182257825976	0.0	0.0	0.0	41.25	10.1e-6	977.0
0.005	1.0144865691814435	1.6730870811409913	0.0	0.0	0.0	41.25	10.1e-6	977.0
0.005	1.0019458180700975	1.6710576825581493	0.0	0.0	0.0	41.25	10.1e-6	977.0
0.005	0.989959261199646	1.673807376532638	0.0	0.0	0.0	41.25	10.1e-6	977.0
0.005	1.009598426172088	1.6761163161193193	0.0	0.0	0.0	41.5	10.1e-6	977.0
0.005	1.0033951385230897	1.6743138504176693	0.0	0.0	0.0	41.5	10.1e-6	977.0
0.005	1.0169230577750412	1.6773849594028942	0.0	0.0	0.0	41.5	10.1e-6	977.0
0.005	0.9988839086794086	1.6751822262141387	0.0	0.0	0.0	41.5	10.1e-6	977.0
0.005	0.9943632465944201	1.6725773954623837	0.0	0.0	0.0	41.5	10.1e-6	977.0
0.005	1.0175855135764524	1.673440636964677	0.0	0.0	0.0	41.75	10.1e-6	977.0
0.005	1.0089897620423205	1.6723375461179242	0.0	0.0	0.0	41.75	10.1e-6	977.0
0.005	0.9856334308703083	1.6716305101388442	0.0	0.0	0.0	41.75	10.1e-6	977.0
0.005	1.0065887773989257	1.6743247227250466	0.0	0.0	0.0	41.75	10.1e-6	977.0
0.005	0.9849901589377206	1.6780886158690427	0.0	0.0	0.0	41.75	10.1e-6	977.0
0.005	0.9900095076879518	1.6735449942776135	0.0	0.0	0.0	42.0	10.1e-6	977.0
0.005	1.0029775627086706	1.6798103306355634	0.0	0.0	0.0	42.0	10.1e-6	977.0
0.005	0.9907162129580649	1.677589682432121	0.0	0.0	0.0	42.0	10.1e-6	977.0
0.005	1.0180525304115913	1.6787282662113638	0.0	0.0	0.0	42.0	10.1e-6	977.0
0.005	0.9902050244742451	1.6757067715342981	0.0	0.0	0.0	42.0	10.1e-6	977.0
0.005	1.0098745718723323	1.6748686819619982	0.0	0.0	0.0	42.25	10.1e-6	977.0
0.005	0.9907295862780535	1.6779690301840502	0.0	0.0	0.0	42.25	10.1e-6	977.0
0.005	0.9896574660884804	1.6776723805822793	0.0	0.0	0.0	42.25	10.1e-6	977.0
0.005	1.0192724903597212	1.6788642311765727	0.0	0.0	0.0	42.25	10.1e-6	977.0
0.005	0.9997669618268835	1.6791282942004475	0.0	0.0	0.0	42.25	10.1e-6	977.0
0.005	1.0126789221580534	1.675205712589378	0.0	0.0	0.0	45.0	10.1e-6	977.0
0.005	1.0182586909793485	1.677041892438509	0.0	0.0	0.0	45.0	10.1e-6	977.0
0.005	0.9886288892880861	1.6758308704741416	0.0	0.0	0.0	45.0	10.1e-6	977.0
0.005	0.9837267072025556	1.6716081351677974	0.0	0.0	0.0	45.0	10.1e-6	977.0
0.005	0.9847932863031529	1.6739293195275868	0.0	0.0	0.0	45.0	10.1e-6	977.0
0.005	1.001961494184562	1.679340044332108	0.0	0.0	0.0	45.25	10.1e-6	977.0
0.005	1.0173356714221673	1.6708533739182372	0.0	0.0	0.0	45.25	10.1e-6	977.0
0.005	0.9874903656701343	1.6741950375499284	0.0	0.0	0.0	45.25	10.1e-6	977.0
0.005	0.9979542308852112	1.6728351968065736	0.0	0.0	0.0	45.25	10.1e-6	977.0
0.005	1.0042836124528844	1.674418457232207	0.0	0.0	0.0	45.25	10.1e-6	977.0
0.005	0.9858237009223815	1.673213296536164	0.0	0.0	0.0	45.5	10.1e-6	977.0
0.005	1.0093264636608419	1.6703821999486725	0.0	0.0	0.0	45.5	10.1e-6	977.0
0.005	1.0194020267027744	1.670780451485665	0.0	0.0	0.0	45.5	10.1e-6	977.0
0.005	0.9932475195104263	1.6731493063992486	0.0	0.0	0.0	45.5	10.1e-6	977.0
0.005	1.0039507325918167	1.678651665007418	0.0	0.0	0.0	45.5	10.1e-6	977.0
0.005	1.000508870093271	1.6713605678978594	0.0	0.0	0.0	45.75	10.1e-6	977.0
0.005	0.9875450009132793	1.677573441149949	0.0	0.0	0.0	45.75	10.1e-6	977.0
0.005	1.007672314727392	1.6765196832338463	0.0	0.0	0.0	45.75	10.1e-6	977.0
0.005	0.991358056020263	1.6798829827481292	0.0	0.0	0.0	45.75	10.1e-6	977.0
0.005	0.9836040414955072	1.674916013231277	0.0	0.0	0.0	45.75	10.1e-6	977.0
0.005	0.987346328685851	1.6729207170911322	0.0	0.0	0.0	46.0	10.1e-6	977.0
0.005	1.0037057281618629	1.6774816508479438	0.0	0.0	0.0	46.0	10.1e-6	977.0
0.005	0.9952994662462569	1.6772097232985843	0.0	0.0	0.0	46.0	10.1e-6	977.0
0.005	0.9872572051363838	1.6765868039671787	0.0	0.0	0.0	46.0	10.1e-6	977.0
0.005	1.0181035881426865	1.6765630629237482	0.0	0.0	0.0	46.0	10.1e-6	977.0
0.005	0.9850910386336225	1.6718752933789565	0.0	0.0	0.0	46.25	10.1e-6	977.0
0.005	0.995834241472356	1.6775731359842851	0.0	0.0	0.0	46.25	10.1e-6	977.0
0.005	1.0098263908437555	1.6799224326544844	0.0	0.0	0.0	46.25	10.1e-6	977.0
0.005	0.9904445683027355	1.6720225856970525	0.0	0.0	0.0	46.25	10.1e-6	977.0
0.005	0.9804256991630095	1.6703636042967585	0.0	0.0	0.0	46.25	10.1e-6	977.0
0.005	1.0158392872534676	1.6703156640506858	0.0	0.0	0.0	46.5	10.1e-6	977.0
0.005	0.9809987221670965	1.6722940986817552	0.0	0.0	0.0	46.5	10.1e-6	977.0
0.005	1.0131951014146399	1.6786015714039249	0.0	0.0	0.0	46.5	10.1e-6	977.0
0.005	1.0008640525881478	1.674026411389373	0.0	0.0	0.0	46.5	10.1e-6	977.0
0.005	0.9844731674008065	1.6783623548079873	0.0	0.0	0.0	46.5	10.1e-6	977.0
0.005	1.006478295572252	1.6754504291019496	0.0	0.0	0.0	46.75	10.1e-6	977.0
0.005	1.0132472013215306	1.671847216440623	0.0	0.0	0.0	46.75	10.1e-6	977.0
0.005	0.988173817996673	1.6733274455359899	0.0	0.0	0.0	46.75	10.1e-6	977.0
0.005	1.0017040183423649	1.6747247489979034	0.0	0.0	0.0	46.75	10.1e-6	977.0
0.005	1.000671791488203	1.6767612899130433	0.0	0.0	0.0	46.75	10.1e-6	977.0
0.005	0.9939010886983617	1.6722919083176704	0.0	0.0	0.0	47.0	10.1e-6	977.0
0.005	1.011358120713008	1.673774325159866	0.0	0.0	0.0	47.0	10.1e-6	977.0
0.005	1.0143341202596678	1.6706013976738017	0.0	0.0	0.0	47.0	10.1e-6	977.0
0.005	0.9880809236721774	1.6749088760593138	0.0	0.0	0.0	47.0	10.1e-6	977.0
0.005	0.9969744046675187	1.6731965988875288	0.0	0.0	0.0	47.0	10.1e-6	977.0
0.005	1.0153202343515253	1.678673076265398	0.0	0.0	0.0	47.25	10.1e-6	977.0
0.005	1.0135871779526813	1.6750160273388397	0.0	0.0	0.0	47.25	10.1e-6	977.0
0.005	1.0154328764927478	1.6772318202989978	0.0	0.0	0.0	47.25	10.1e-6	977.0
0.005	0.99772645462564	1.6719848800530872	0.0	0.0	0.0	47.25	10.1e-6	977.0
0.005	0.9916390796133705	1.6721024326694514	0.0	0.0	0.0	47.25	10.1e-6	977.0
0.005	1.0146193641620884	1.6783054084654387	0.0	0.0	0.0	50.0	10.1e-6	977.0
0.005	0.9815519488867043	1.675311281644367	0.0	0.0	0.0	50.0	10.1e-6	977.0
0.005	0.9930253709703735	1.6783684621795638	0.0	0.0	0.0	50.0	10.1e-6	977.0
0.005	1.0047957918279071	1.6771554294113196	0.0	0.0	0.0	50.0	10.1e-6	977.0
0.005	0.9825568830578468	1.6713991237409094	0.0	0.0	0.0	50.0	10.1e-6	977.0
0.005	0.9821870352162043	1.6767826221275262	0.0	0.0	0.0	50.25	10.1e-6	977.0
0.005	1.009078557105248	1.6794770933455416	0.0	0.0	0.0	50.25	10.1e-6	977.0
0.005	1.0095010635746187	1.6771062819807268	0.0	0.0	0.0	50.25	10.1e-6	977.0
0.005	1.0097970252117348	1.6707572851327201	0.0	0.0	0.0	50.25	10.1e-6	977.0
0.005	0.9965305778942622	1.678218972722793	0.0	0.0	0.0	50.25	10.1e-6	977.0
0.005	0.9879592217069842	1.674671371185051	0.0	0.0	0.0	50.5	10.1e-6	977.0
0.005	0.989970493201618	1.6725891967368836	0.0	0.0	0.0	50.5	10.1e-6	977.0
0.005	0.9814378043742967	1.6732495930924562	0.0	0.0	0.0	50.5	10.1e-6	977.0
0.005	1.0137115246473694	1.6708623914217269	0.0	0.0	0.0	50.5	10.1e-6	977.0
0.005	0.9901535172054357	1.677637153729492	0.0	0.0	0.0	50.5	10.1e-6	977.0
0.005	0.9890485681545654	1.6713578991957405	0.0	0.0	0.0	50.75	10.1e-6	977.0
0.005	0.996686408254929	1.6752995244934503	0.0	0.0	0.0	50.75	10.1e-6	977.0
0.005	0.9916405276504973	1.6761829891215427	0.0	0.0	0.0	50.75	10.1e-6	977.0
0.005	0.9866116405198786	1.679322926315531	0.0	0.0	0.0	50.75	10.1e-6	977.0
0.005	0.9886206356760615	1.6721875923986464	0.0	0.0	0.0	50.75	10.1e-6	977.0
0.005	0.9955259385375815	1.6714773090520536	0.0	0.0	0.0	51.0	10.1e-6	977.0
0.005	0.9936754452039281	1.6757865728806183	0.0	0.0	0.0	51.0	10.1e-6	977.0
0.005	0.9823518239610303	1.6734834497363595	0.0	0.0	0.0	51.0	10.1e-6	977.0
0.005	0.9908833661753073	1.6762975497885109	0.0	0.0	0.0	51.0	10.1e-6	977.0
0.005	0.9879458751054004	1.6703904485971168	0.0	0.0	0.0	51.0	10.1e-6	977.0
0.005	0.9846927925315638	1.6748072048862543	0.0	0.0	0.0	51.25	10.1e-6	977.0
0.005	1.0129032408792058	1.6799091434455866	0.0	0.0	0.0	51.25	10.1e-6	977.0
0.005	1.0177228648429493	1.67803436333116	0.0	0.0	0.0	51.25	10.1e-6	977.0
0.005	0.9977588052081109	1.6731089269962933	0.0	0.0	0.0	51.25	10.1e-6	977.0
0.005	1.0013585171622192	1.6744125873632203	0.0	0.0	0.0	51.25	10.1e-6	977.0
0.005	0.9978647963982461	1.6703740640612028	0.0	0.0	0.0	51.5	10.1e-6	977.0
0.005	1.0107852465158753	1.6766477245159417	0.0	0.0	0.0	51.5	10.1e-6	977.0
0.005	1.0101467199264758	1.6726047774560506	0.0	0.0	0.0	51.5	10.1e-6	977.0
0.005	1.0059604411080165	1.6720292352672639	0.0	0.0	0.0	51.5	10.1e-6	977.0
0.005	1.0079755464840399	1.6723786899265398	0.0	0.0	0.0	51.5	10.1e-6	977.0
0.005	0.9853251029932742	1.6715722832457716	0.0	0.0	0.0	51.75	10.1e-6	977.0
0.005	1.010269362395074	1.6782857106061804	0.0	0.0	0.0	51.75	10.1e-6	977.0
0.005	1.0047074072411326	1.6709428121750498	0.0	0.0	0.0	51.75	10.1e-6	977.0
0.005	0.9841851371726381	1.6767954444555322	0.0	0.0	0.0	51.75	10.1e-6	977.0
0.005	0.9906322946667353	1.6762396116271114	0.0	0.0	0.0	51.75	10.1e-6	977.0
0.005	1.0156629656379743	1.6721665392106677	0.0	0.0	0.0	52.0	10.1e-6	977.0
0.005	0.9902591765379577	1.6716839757748512	0.0	0.0	0.0	52.0	10.1e-6	977.0
0.005	0.9923974664562243	1.6745047059087892	0.0	0.0	0.0	52.0	10.1e-6	977.0
0.005	1.0127938283622675	1.6774294511862538	0.0	0.0	0.0	52.0	10.1e-6	977.0
0.005	0.9828909923326885	1.6717650158103392	0.0	0.0	0.0	52.0	10.1e-6	977.0
0.005	1.0089601898866567	1.6715372658390786	0.0	0.0	0.0	52.25	10.1e-6	977.0
0.005	0.9837561109630621	1.672514309685303	0.0	0.0	0.0	52.25	10.1e-6	977.0
0.005	1.0167632088181262	1.6758081181395261	0.0	0.0	0.0	52.25	10.1e-6	977.0
0.005	1.0108901331556808	1.6775821579365175	0.0	0.0	0.0	52.25	10.1e-6	977.0
0.005	0.9956050591205436	1.6728118321527021	0.0	0.0	0.0	52.25	10.1e-6	977.0
0.005	0.9970966102892037	1.6728018317264428	0.0	0.0	0.0	55.0	10.1e-6	977.0
0.005	0.9842085847447782	1.675426932325214	0.0	0.0	0.0	55.0	10.1e-6	977.0
0.005	0.9937791524806912	1.673653591998768	0.0	0.0	0.0	55.0	10.1e-6	977.0
0.005	0.9833652433300702	1.6756275302241241	0.0	0.0	0.0	55.0	10.1e-6	977.0
0.005	0.9817758083299335	1.671217112574273	0.0	0.0	0.0	55.0	10.1e-6	977.0
0.005	1.006599720324382	1.6738595156123848	0.0	0.0	0.0	55.25	10.1e-6	977.0
0.005	0.9929604402171467	1.6715697329540615	0.0	0.0	0.0	55.25	10.1e-6	977.0
0.005	1.0182559609051436	1.6751876281700666	0.0	0.0	0.0	55.25	10.1e-6	977.0
0.005	1.0123096387528572	1.6760909940223687	0.0	0.0	0.0	55.25	10.1e-6	977.0
0.005	1.0167229087955931	1.672102152955546	0.0	0.0	0.0	55.25	10.1e-6	977.0
0.005	1.00014144342933	1.6704128996483332	0.0	0.0	0.0	55.5	10.1e-6	977.0
0.005	0.9812888511586619	1.672921309575457	0.0	0.0	0.0	55.5	10.1e-6	977.0
0.005	1.013528293332631	1.6751851085651275	0.0	0.0	0.0	55.5	10.1e-6	977.0
0.005	0.9981795014667288	1.6711292938964353	0.0	0.0	0.0	55.5	10.1e-6	977.0
0.005	1.0052242183121152	1.6786587364591066	0.0	0.0	0.0	55.5	10.1e-6	977.0
0.005	1.0052457042467842	1.67057322293866	0.0	0.0	0.0	55.75	10.1e-6	977.0
0.005	0.9966684559748262	1.6754305745659646	0.0	0.0	0.0	55.75	10.1e-6	977.0
0.005	0.9832355713227823	1.6797750045682636	0.0	0.0	0.0	55.75	10.1e-6	977.0
0.005	0.9922648606075228	1.6724847237522689	0.0	0.0	0.0	55.75	10.1e-6	977.0
0.005	0.9952484720642867	1.6725099806047352	0.0	0.0	0.0	55.75	10.1e-6	977.0
0.005	0.9987891355234584	1.677875195549595	0.0	0.0	0.0	56.0	10.1e-6	977.0
0.005	1.0170988599833057	1.6770741790946395	0.0	0.0	0.0	56.0	10.1e-6	977.0
0.005	0.9933222801393202	1.6763485082331278	0.0	0.0	0.0	56.0	10.1e-6	977.0
0.005	0.9880376307578963	1.676493600566525	0.0	0.0	0.0	56.0	10.1e-6	977.0
0.005	0.9954855871297383	1.6713375702568656	0.0	0.0	0.0	56.0	10.1e-6	977.0
0.005	1.0180472012635886	1.673951969264136	0.0	0.0	0.0	56.25	10.1e-6	977.0
0.005	0.9934776669779609	1.6702944717011627	0.0	0.0	0.0	56.25	10.1e-6	977.0
0.005	1.0013875671101677	1.6788028308683618	0.0	0.0	0.0	56.25	10.1e-6	977.0
0.005	0.9829093983541998	1.6780924973305211	0.0	0.0	0.0	56.25	10.1e-6	977.0
0.005	1.0113684015772835	1.6753160618267477	0.0	0.0	0.0	56.25	10.1e-6	977.0
0.005	0.9894516544253352	1.6735199826490663	0.0	0.0	0.0	56.5	10.1e-6	977.0
0.005	0.9940261626046084	1.6708856433240125	0.0	0.0	0.0	56.5	10.1e-6	977.0
0.005	1.0067678176392518	1.6724372326057462	0.0	0.0	0.0	56.5	10.1e-6	977.0
0.005	0.9928845665093811	1.6732669109395	0.0	0.0	0.0	56.5	10.1e-6	977.0
0.005	1.0096948497146094	1.6764499964833393	0.0	0.0	0.0	56.5	10.1e-6	977.0
0.005	0.9994417285476845	1.6764845672186368	0.0	0.0	0.0	56.75	10.1e-6	977.0
0.005	1.0189000263058485	1.6706257629336156	0.0	0.0	0.0	56.75	10.1e-6	977.0
0.005	0.9828141498412394	1.6707331053807792	0.0	0.0	0.0	56.75	10.1e-6	977.0
0.005	1.0123141123090615	1.6727052070456598	0.0	0.0	0.0	56.75	10.1e-6	977.0
0.005	0.9859626789432245	1.6764758788040741	0.0	0.0	0.0	56.75	10.1e-6	977.0
0.005	1.0059082716660281	1.6762292345534373	0.0	0.0	0.0	57.0	10.1e-6	977.0
0.005	0.9889603942804048	1.670704130325013	0.0	0.0	0.0	57.0	10.1e-6	977.0
0.005	0.9891055662565624	1.6736196080313166	0.0	0.0	0.0	57.0	10.1e-6	977.0
0.005	1.006716129473926	1.6789909600185577	0.0	0.0	0.0	57.0	10.1e-6	977.0
0.005	0.986227634709516	1.6752473335651885	0.0	0.0	0.0	57.0	10.1e-6	977.0
0.005	1.0084624157666244	1.6745202986054348	0.0	0.0	0.0	57.25	10.1e-6	977.0
0.005	1.0075862161051297	1.6792195702842627	0.0	0.0	0.0	57.25	10.1e-6	977.0
0.005	0.9825595111505866	1.6775090298571003	0.0	0.0	0.0	57.25	10.1e-6	977.0
0.005	0.9962993457755923	1.6792186665192186	0.0	0.0	0.0	57.25	10.1e-6	977.0
0.005	0.9993582535096555	1.6716684662439931	0.0	0.0	0.0	57.25	10.1e-6	977.0
0.005	0.995466285881712	1.6731458632522123	0.0	0.0	0.0	60.0	10.1e-6	977.0
0.005	0.9828583352114306	1.677279083875745	0.0	0.0	0.0	60.0	10.1e-6	977.0
0.005	0.9850040937147017	1.6722462323096672	0.0	0.0	0.0	60.0	10.1e-6	977.0
0.005	1.007989205866991	1.6793717563255246	0.0	0.0	0.0	60.0	10.1e-6	977.0
0.005	1.0128573779357366	1.677515458309757	0.0	0.0	0.0	60.0	10.1e-6	977.0
0.005	1.0149434669887472	1.676803149127523	0.0	0.0	0.0	60.25	10.1e-6	977.0
0.005	1.0024632848617323	1.6729536632513464	0.0	0.0	0.0	60.25	10.1e-6	977.0
0.005	0.9879804986615051	1.6768902175899427	0.0	0.0	0.0	60.25	10.1e-6	977.0
0.005	0.9988906255895269	1.6726993212372425	0.0	0.0	0.0	60.25	10.1e-6	977.0
0.005	0.9861400962926571	1.6709037855253757	0.0	0.0	0.0	60.25	10.1e-6	977.0
0.005	1.0057751881905213	1.6796458100785685	0.0	0.0	0.0	60.5	10.1e-6	977.0
0.005	1.0112570923496902	1.6765288374695777	0.0	0.0	0.0	60.5	10.1e-6	977.0
0.005	1.0015970176757039	1.6785125343892802	0.0	0.0	0.0	60.5	10.1e-6	977.0
0.005	1.018745449995083	1.672097064014237	0.0	0.0	0.0	60.5	10.1e-6	977.0
0.005	1.0115070122327272	1.6711460340938542	0.0	0.0	0.0	60.5	10.1e-6	977.0
0.005	0.9967789876875218	1.6779958191629931	0.0	0.0	0.0	60.75	10.1e-6	977.0
0.005	0.9903227052738416	1.674194553948549	0.0	0.0	0.0	60.75	10.1e-6	977.0
0.005	0.9870368678565858	1.67571430083699	0.0	0.0	0.0	60.75	10.1e-6	977.0
0.005	1.0003700717072452	1.677215509101696	0.0	0.0	0.0	60.75	10.1e-6	977.0
0.005	1.0063278270253757	1.670977694365751	0.0	0.0	0.0	60.75	10.1e-6	977.0
0.005	0.9858843636302621	1.670334637452871	0.0	0.0	0.0	61.0	10.1e-6	977.0
0.005	0.9948198616401053	1.6743857749736732	0.0	0.0	0.0	61.0	10.1e-6	977.0
0.005	1.0109047059169247	1.679152130884227	0.0	0.0	0.0	61.0	10.1e-6	977.0
0.005	0.9950232061039489	1.6744832021779663	0.0	0.0	0.0	61.0	10.1e-6	977.0
0.005	0.9910662123800685	1.6722852424342507	0.0	0.0	0.0	61.0	10.1e-6	977.0
0.005	1.0094832034516552	1.6768448954980977	0.0	0.0	0.0	61.25	10.1e-6	977.0
0.005	0.9869356701279673	1.6760709554513353	0.0	0.0	0.0	61.25	10.1e-6	977.0
0.005	0.9873489246678586	1.6748848115707256	0.0	0.0	0.0	61.25	10.1e-6	977.0
0.005	0.9978033147027802	1.6747456265131253	0.0	0.0	0.0	61.25	10.1e-6	977.0
0.005	0.9925523105214722	1.673942127454525	0.0	0.0	0.0	61.25	10.1e-6	977.0
0.005	0.9938667003822433	1.6739631608472303	0.0	0.0	0.0	61.5	10.1e-6	977.0
0.005	0.9882231815517788	1.6792690332366664	0.0	0.0	0.0	61.5	10.1e-6	977.0
0.005	1.0168933281383794	1.670766642206778	0.0	0.0	0.0	61.5	10.1e-6	977.0
0.005	0.9941521342913526	1.6742729227719733	0.0	0.0	0.0	61.5	10.1e-6	977.0
0.005	0.9860216049741581	1.6771825961970135	0.0	0.0	0.0	61.5	10.1e-6	977.0
0.005	1.0123406646142996	1.674621651870126	0.0	0.0	0.0	61.75	10.1e-6	977.0
0.005	0.9922094793715505	1.6718504728545567	0.0	0.0	0.0	61.75	10.1e-6	977.0
0.005	1.005940645504315	1.6731393679021591	0.0	0.0	0.0	61.75	10.1e-6	977.0
0.005	0.9803830657901059	1.6758683223269424	0.0	0.0	0.0	61.75	10.1e-6	977.0
0.005	1.012609693933451	1.6715606798323606	0.0	0.0	0.0	61.75	10.1e-6	977.0
0.005	0.9954363016247827	1.6794414970478577	0.0	0.0	0.0	62.0	10.1e-6	977.0
0.005	1.0065691213367818	1.6717093317374214	0.0	0.0	0.0	62.0	10.1e-6	977.0
0.005	0.9893012451020248	1.6786798105434284	0.0	0.0	0.0	62.0	10.1e-6	977.0
0.005	1.0166196184528495	1.6784931523979796	0.0	0.0	0.0	62.0	10.1e-6	977.0
0.005	0.9864291242302213	1.6724455744420028	0.0	0.0	0.0	62.0	10.1e-6	977.0
0.005	1.0176399055469305	1.673616680985052	0.0	0.0	0.0	62.25	10.1e-6	977.0
0.005	1.017217836000438	1.6719906774239075	0.0	0.0	0.0	62.25	10.1e-6	977.0
0.005	1.0112466920380327	1.6722850080408633	0.0	0.0	0.0	62.25	10.1e-6	977.0
0.005	0.9949661257670905	1.6766008115887403	0.0	0.0	0.0	62.25	10.1e-6	977.0
0.005	1.0132238077538878	1.6799365292657116	0.0	0.0	0.0	62.25	10.1e-6	977.0
0.005	1.0010882528787397	1.6749605268632468	0.0	0.0	0.0	65.0	10.1e-6	977.0
0.005	0.9847105794668812	1.67293051837572	0.0	0.0	0.0	65.0	10.1e-6	977.0
0.005	0.9859989607986066	1.670674157996836	0.0	0.0	0.0	65.0	10.1e-6	977.0
0.005	1.0104356584521565	1.679446730572301	0.0	0.0	0.0	65.0	10.1e-6	977.0
0.005	0.980460871123855	1.676923084619827	0.0	0.0	0.0	65.0	10.1e-6	977.0
0.005	1.0197256778516588	1.6762996138519561	0.0	0.0	0.0	65.25	10.1e-6	977.0
0.005	0.9912924880143387	1.6763471778766195	0.0	0.0	0.0	65.25	10.1e-6	977.0
0.005	1.0105422291752046	1.6726407563082468	0.0	0.0	0.0	65.25	10.1e-6	977.0
0.005	0.9980112853925083	1.6724829155895924	0.0	0.0	0.0	65.25	10.1e-6	977.0
0.005	0.983694758322816	1.6791839405771642	0.0	0.0	0.0	65.25	10.1e-6	977.0
0.005	1.0032264048965862	1.6749224383405694	0.0	0.0	0.0	65.5	10.1e-6	977.0
0.005	1.0135519260172763	1.6799231954167764	0.0	0.0	0.0	65.5	10.1e-6	977.0
0.005	1.0028633894615375	1.6788161607112706	0.0	0.0	0.0	65.5	10.1e-6	977.0
0.005	1.0123001933254563	1.6711424314560817	0.0	0.0	0.0	65.5	10.1e-6	977.0
0.005	1.0051874366099824	1.6748566525415065	0.0	0.0	0.0	65.5	10.1e-6	977.0
0.005	1.0113673055017653	1.6779298173695514	0.0	0.0	0.0	65.75	10.1e-6	977.0
0.005	1.0048982272437592	1.6733321588018544	0.0	0.0	0.0	65.75	10.1e-6	977.0
0.005	0.9893362909613964	1.678149553953298	0.0	0.0	0.0	65.75	10.1e-6	977.0
0.005	1.0136893323817646	1.6773930928243024	0.0	0.0	0.0	65.75	10.1e-6	977.0
0.005	1.0089673837674404	1.676314721667686	0.0	0.0	0.0	65.75	10.1e-6	977.0
0.005	1.000913074295447	1.6755963824739324	0.0	0.0	0.0	66.0	10.1e-6	977.0
0.005	1.014802609418626	1.6764493469512807	0.0	0.0	0.0	66.0	10.1e-6	977.0
0.005	1.0161169853970868	1.6701424439755397	0.0	0.0	0.0	66.0	10.1e-6	977.0
0.005	0.9802773492236581	1.672779165774449	0.0	0.0	0.0	66.0	10.1e-6	977.0
0.005	1.0047339773360773	1.6786693119296283	0.0	0.0	0.0	66.0	10.1e-6	977.0
0.005	1.012546720137555	1.6763842631850918	0.0	0.0	0.0	66.25	10.1e-6	977.0
0.005	1.0157551931782316	1.679002195240358	0.0	0.0	0.0	66.25	10.1e-6	977.0
0.005	0.9836964786064292	1.6776217188947018	0.0	0.0	0.0	66.25	10.1e-6	977.0
0.005	0.9843467888215255	1.6746558011171777	0.0	0.0	0.0	66.25	10.1e-6	977.0
0.005	0.9916528783490829	1.6772482381972451	0.0	0.0	0.0	66.25	10.1e-6	977.0
0.005	1.0039496058941653	1.6714330848352672	0.0	0.0	0.0	66.5	10.1e-6	977.0
0.005	0.995198498462246	1.6737365353613647	0.0	0.0	0.0	66.5	10.1e-6	977.0
0.005	1.002951266113273	1.6782190795078564	0.0	0.0	0.0	66.5	10.1e-6	977.0
0.005	0.9922297924842219	1.6797648936328726	0.0	0.0	0.0	66.5	10.1e-6	977.0
0.005	1.0071077829375268	1.6767330481300569	0.0	0.0	0.0	66.5	10.1e-6	977.0
0.005	1.0085710179512977	1.6737208962970946	0.0	0.0	0.0	66.75	10.1e-6	977.0
0.005	0.9943583946308039	1.6776936783772598	0.0	0.0	0.0	66.75	10.1e-6	977.0
0.005	0.9971640370945803	1.678578043901276	0.0	0.0	0.0	66.75	10.1e-6	977.0
0.005	0.9911603045423028	1.6713265283948888	0.0	0.0	0.0	66.75	10.1e-6	977.0
0.005	0.9982392053037634	1.6768542485537197	0.0	0.0	0.0	66.75	10.1e-6	977.0
0.005	0.9882078962167339	1.6709160566755898	0.0	0.0	0.0	67.0	10.1e-6	977.0
0.005	1.0165196824141076	1.673644415243215	0.0	0.0	0.0	67.0	10.1e-6	977.0
0.005	0.9955970632106169	1.6720310214755754	0.0	0.0	0.0	67.0	10.1e-6	977.0
0.005	1.012262942500205	1.6716070163773393	0.0	0.0	0.0	67.0	10.1e-6	977.0
0.005	0.9972801398369057	1.6730997685593838	0.0	0.0	0.0	67.0	10.1e-6	977.0
0.005	1.000661013475254	1.6718458082735972	0.0	0.0	0.0	67.25	10.1e-6	977.0
0.005	1.0115414345077327	1.670278453616948	0.0	0.0	0.0	67.25	10.1e-6	977.0
0.005	1.014674413973363	1.6757929787104062	0.0	0.0	0.0	67.25	10.1e-6	977.0
0.005	1.0093230680112746	1.6715292125523438	0.0	0.0	0.0	67.25	10.1e-6	977.0
0.005	1.0110713705706822	1.6780568743533515	0.0	0.0	0.0	67.25	10.1e-6	977.0
0.005	1.0131798809934671	1.6710998251856943	0.0	0.0	0.0	70.0	10.1e-6	977.0
0.005	0.9820158496670608	1.6792831296003365	0.0	0.0	0.0	70.0	10.1e-6	977.0
0.005	1.0154314698395182	1.6707471175015238	0.0	0.0	0.0	70.0	10.1e-6	977.0
0.005	0.9929849753533424	1.6717695917945397	0.0	0.0	0.0	70.0	10.1e-6	977.0
0.005	0.9827571464776697	1.6794492053465713	0.0	0.0	0.0	70.0	10.1e-6	977.0
0.005	1.0198585372152014	1.6756377077372953	0.0	0.0	0.0	70.25	10.1e-6	977.0
0.005	0.987202301646126	1.6734600595328681	0.0	0.0	0.0	70.25	10.1e-6	977.0
0.005	0.9828396313217306	1.6799241778670049	0.0	0.0	0.0	70.25	10.1e-6	977.0
0.005	1.0081613238969032	1.67175642385609	0.0	0.0	0.0	70.25	10.1e-6	977.0
0.005	1.0008739914846134	1.6741330327514774	0.0	0.0	0.0	70.25	10.1e-6	977.0
0.005	1.0007705814821	1.670232722779386	0.0	0.0	0.0	70.5	10.1e-6	977.0
0.005	0.9892001833439924	1.6739171029542972	0.0	0.0	0.0	70.5	10.1e-6	977.0
0.005	0.9985592771428646	1.6777456157772148	0.0	0.0	0.0	70.5	10.1e-6	977.0
0.005	0.9907441824936812	1.6705859104628542	0.0	0.0	0.0	70.5	10.1e-6	977.0
0.005	0.9835045989860989	1.6728615072398736	0.0	0.0	0.0	70.5	10.1e-6	977.0
0.005	1.0182782504629426	1.6729251248423156	0.0	0.0	0.0	70.75	10.1e-6	977.0
0.005	1.0031058742737335	1.6781266646980846	0.0	0.0	0.0	70.75	10.1e-6	977.0
0.005	1.0166414107685025	1.6774069837648542	0.0	0.0	0.0	70.75	10.1e-6	977.0
0.005	1.0088484149247985	1.6745332117731957	0.0	0.0	0.0	70.75	10.1e-6	977.0
0.005	0.9969755152287659	1.6779903815225854	0.0	0.0	0.0	70.75	10.1e-6	977.0
0.005	1.0191024536911257	1.6758159422649452	0.0	0.0	0.0	71.0	10.1e-6	977.0
0.005	1.007373193774544	1.670701511283285	0.0	0.0	0.0	71.0	10.1e-6	977.0
0.005	1.0166507044299113	1.6707919181611084	0.0	0.0	0.0	71.0	10.1e-6	977.0
0.005	0.990437881691828	1.674297910787337	0.0	0.0	0.0	71.0	10.1e-6	977.0
0.005	1.0139788267776282	1.6727726245497534	0.0	0.0	0.0	71.0	10.1e-6	977.0
0.005	1.018007515003346	1.6751311698182596	0.0	0.0	0.0	71.25	10.1e-6	977.0
0.005	0.9840154893932	1.6788421724284803	0.0	0.0	0.0	71.25	10.1e-6	977.0
0.005	1.0177605203469517	1.6774016715722453	0.0	0.0	0.0	71.25	10.1e-6	977.0
0.005	1.00186664284005	1.6755290004566565	0.0	0.0	0.0	71.25	10.1e-6	977.0
0.005	1.0127614688997781	1.6770131481370818	0.0	0.0	0.0	71.25	10.1e-6	977.0
0.005	1.0195743347606896	1.675475891301658	0.0	0.0	0.0	71.5	10.1e-6	977.0
0.005	0.9945011706752189	1.6706096674983466	0.0	0.0	0.0	71.5	10.1e-6	977.0
0.005	0.9883098086787682	1.674130264475032	0.0	0.0	0.0	71.5	10.1e-6	977.0
0.005	1.0081354814308285	1.6722664807840883	0.0	0.0	0.0	71.5	10.1e-6	977.0
0.005	1.00993029295716	1.6749617168593256	0.0	0.0	0.0	71.5	10.1e-6	977.0
0.005	0.9950677546614882	1.6739351286361603	0.0	0.0	0.0	71.75	10.1e-6	977.0
0.005	0.9846422106341303	1.6720269422670433	0.0	0.0	0.0	71.75	10.1e-6	977.0
0.005	0.9913552911719202	1.6713685741929956	0.0	0.0	0.0	71.75	10.1e-6	977.0
0.005	1.008900549436178	1.6747748612147555	0.0	0.0	0.0	71.75	10.1e-6	977.0
0.005	0.9978923526401338	1.6763280187187783	0.0	0.0	0.0	71.75	10.1e-6	977.0
0.005	0.9826666339326855	1.6722060734433635	0.0	0.0	0.0	72.0	10.1e-6	977.0
0.005	0.9880346993749741	1.6724447544060665	0.0	0.0	0.0	72.0	10.1e-6	977.0
0.005	0.9982676779362395	1.6788958262059268	0.0	0.0	0.0	72.0	10.1e-6	977.0
0.005	1.0124621693021925	1.6710058726668886	0.0	0.0	0.0	72.0	10.1e-6	977.0
0.005	1.0089368209635767	1.6727081858859216	0.0	0.0	0.0	72.0	10.1e-6	977.0
0.005	0.9851560344936232	1.6774636289456721	0.0	0.0	0.0	72.25	10.1e-6	977.0
0.005	1.0193914392006358	1.67727603085372	0.0	0.0	0.0	72.25	10.1e-6	977.0
0.005	0.984828441926947	1.6709619743099846	0.0	0.0	0.0	72.25	10.1e-6	977.0
0.005	1.0071658338241378	1.6763409080606084	0.0	0.0	0.0	72.25	10.1e-6	977.0
0.005	1.0052950319769853	1.6792027174823962	0.0	0.0	0.0	72.25	10.1e-6	977.0
0.005	0.9844206171459352	1.6795578814228862	0.0	0.0	0.0	75.0	10.1e-6	977.0
0.005	1.0117666165694275	1.6774476739984914	0.0	0.0	0.0	75.0	10.1e-6	977.0
0.005	0.9997269017753405	1.6786678967969002	0.0	0.0	0.0	75.0	10.1e-6	977.0
0.005	1.0053354215378068	1.673769729514001	0.0	0.0	0.0	75.0	10.1e-6	977.0
0.005	0.9924815633097558	1.6704687432793646	0.0	0.0	0.0	75.0	10.1e-6	977.0
0.005	0.9987018656701292	1.6796980196530018	0.0	0.0	0.0	75.25	10.1e-6	977.0
0.005	1.0109973970877089	1.6709971866169469	0.0	0.0	0.0	75.25	10.1e-6	977.0
0.005	0.9927820269005414	1.6793179013723647	0.0	0.0	0.0	75.25	10.1e-6	977.0
0.005	0.9819268224867015	1.6719219475917346	0.0	0.0	0.0	75.25	10.1e-6	977.0
0.005	0.988653069200839	1.679641361547003	0.0	0.0	0.0	75.25	10.1e-6	977.0
0.005	1.012492277792488	1.671339900240569	0.0	0.0	0.0	75.5	10.1e-6	977.0
0.005	1.006747875021391	1.6799916341051033	0.0	0.0	0.0	75.5	10.1e-6	977.0
0.005	1.018128667608371	1.6752717783242612	0.0	0.0	0.0	75.5	10.1e-6	977.0
0.005	1.0027590801450146	1.6739268088119312	0.0	0.0	0.0	75.5	10.1e-6	977.0
0.005	1.0113590436230735	1.6771564496271767	0.0	0.0	0.0	75.5	10.1e-6	977.0
0.005	1.008263594232926	1.6742028772098716	0.0	0.0	0.0	75.75	10.1e-6	977.0
0.005	1.0177853910148196	1.674321104084	0.0	0.0	0.0	75.75	10.1e-6	977.0
0.005	0.9950037337655356	1.677831852688993	0.0	0.0	0.0	75.75	10.1e-6	977.0
0.005	0.9962696476437161	1.6740083931493484	0.0	0.0	0.0	75.75	10.1e-6	977.0
0.005	0.9851078438557977	1.676271737612176	0.0	0.0	0.0	75.75	10.1e-6	977.0
0.005	0.9892224553060112	1.677035735449082	0.0	0.0	0.0	76.0	10.1e-6	977.0
0.005	1.0103199371531404	1.6726055699039457	0.0	0.0	0.0	76.0	10.1e-6	977.0
0.005	1.0023774968563204	1.6784380038524813	0.0	0.0	0.0	76.0	10.1e-6	977.0
0.005	0.9884006381458676	1.6763993349186093	0.0	0.0	0.0	76.0	10.1e-6	977.0
0.005	1.0010132843965367	1.6789331872879694	0.0	0.0	0.0	76.0	10.1e-6	977.0
0.005	1.007034148334557	1.676547328537925	0.0	0.0	0.0	76.25	10.1e-6	977.0
0.005	1.0029797034044727	1.676549737812521	0.0	0.0	0.0	76.25	10.1e-6	977.0
0.005	1.0086310529982088	1.674004947894377	0.0	0.0	0.0	76.25	10.1e-6	977.0
0.005	1.0031060722543568	1.671382226325611	0.0	0.0	0.0	76.25	10.1e-6	977.0
0.005	0.9835961889607789	1.6765187519705216	0.0	0.0	0.0	76.25	10.1e-6	977.0
0.005	1.0140518907620313	1.6710998033362607	0.0	0.0	0.0	76.5	10.1e-6	977.0
0.005	0.9980785862504709	1.6751377611850935	0.0	0.0	0.0	76.5	10.1e-6	977.0
0.005	0.9851360501129309	1.6773687225486449	0.0	0.0	0.0	76.5	10.1e-6	977.0
0.005	0.990382814690481	1.6700063991469163	0.0	0.0	0.0	76.5	10.1e-6	977.0
0.005	1.0126037790570448	1.6713844591876121	0.0	0.0	0.0	76.5	10.1e-6	977.0
0.005	0.9914616610688378	1.677862276491673	0.0	0.0	0.0	76.75	10.1e-6	977.0
0.005	0.9960476426136328	1.6764204207337565	0.0	0.0	0.0	76.75	10.1e-6	977.0
0.005	1.0007028511520997	1.6703303452257663	0.0	0.0	0.0	76.75	10.1e-6	977.0
0.005	0.9933583117124739	1.6711837121125814	0.0	0.0	0.0	76.75	10.1e-6	977.0
0.005	1.0037404171414217	1.6707694945477298	0.0	0.0	0.0	76.75	10.1e-6	977.0
0.005	0.9853393134583076	1.6713349632788055	0.0	0.0	0.0	77.0	10.1e-6	977.0
0.005	0.9977676298106685	1.675804395253643	0.0	0.0	0.0	77.0	10.1e-6	977.0
0.005	0.9946699198316828	1.677539205444273	0.0	0.0	0.0	77.0	10.1e-6	977.0
0.005	0.9868684985223974	1.670696048543125	0.0	0.0	0.0	77.0	10.1e-6	977.0
0.005	0.9898779761876707	1.6717225701572127	0.0	0.0	0.0	77.0	10.1e-6	977.0
0.005	1.0170466367294002	1.676476628140297	0.0	0.0	0.0	77.25	10.1e-6	977.0
0.005	0.9803342274602307	1.6706984493632775	0.0	0.0	0.0	77.25	10.1e-6	977.0
0.005	1.0143129529301054	1.6772062883450867	0.0	0.0	0.0	77.25	10.1e-6	977.0
0.005	0.9978050012427411	1.677099791534934	0.0	0.0	0.0	77.25	10.1e-6	977.0
0.005	1.0193399156768481	1.6795011635533008	0.0	0.0	0.0	77.25	10.1e-6	977.0
0.005	1.002243396408905	1.673994824477256	0.0	0.0	0.0	80.0	10.1e-6	977.0
0.005	0.9829406794566933	1.6743401954614394	0.0	0.0	0.0	80.0	10.1e-6	977.0
0.005	1.00708201794301	1.6773105844915983	0.0	0.0	0.0	80.0	10.1e-6	977.0
0.005	1.0128265681005317	1.6788189235234539	0.0	0.0	0.0	80.0	10.1e-6	977.0
0.005	0.9953491151110039	1.6749956637875072	0.0	0.0	0.0	80.0	10.1e-6	977.0
0.005	1.0194251153760652	1.677627819393314	0.0	0.0	0.0	80.25	10.1e-6	977.0
0.005	1.018022265951511	1.6731537700045829	0.0	0.0	0.0	80.25	10.1e-6	977.0
0.005	1.0188940378546227	1.6740670441743208	0.0	0.0	0.0	80.25	10.1e-6	977.0
0.005	0.9819479027961353	1.6705498830066634	0.0	0.0	0.0	80.25	10.1e-6	977.0
0.005	1.0175470221650105	1.6799089018954458	0.0	0.0	0.0	80.25	10.1e-6	977.0
0.005	0.9810104878676239	1.673105887255027	0.0	0.0	0.0	80.5	10.1e-6	977.0
0.005	1.0127848693788037	1.6755288191592463	0.0	0.0	0.0	80.5	10.1e-6	977.0
0.005	1.0091143476660183	1.67228257308982	0.0	0.0	0.0	80.5	10.1e-6	977.0
0.005	1.0182552097014164	1.672336143851717	0.0	0.0	0.0	80.5	10.1e-6	977.0
0.005	1.010096510032171	1.6796282049755276	0.0	0.0	0.0	80.5	10.1e-6	977.0
0.005	1.016341737411195	1.6753346857368805	0.0	0.0	0.0	80.75	10.1e-6	977.0
0.005	0.9962509775383042	1.6743264511967957	0.0	0.0	0.0	80.75	10.1e-6	977.0
0.005	0.9825247342076756	1.6777816718175087	0.0	0.0	0.0	80.75	10.1e-6	977.0
0.005	0.996953993102854	1.6750659311736995	0.0	0.0	0.0	80.75	10.1e-6	977.0
0.005	1.0078597519187102	1.679298743003185	0.0	0.0	0.0	80.75	10.1e-6	977.0
0.005	1.016768204180688	1.6703324555479808	0.0	0.0	0.0	81.0	10.1e-6	977.0
0.005	0.9949444769513384	1.678209495571987	0.0	0.0	0.0	81.0	10.1e-6	977.0
0.005	0.9952329763518964	1.6776529811936758	0.0	0.0	0.0	81.0	10.1e-6	977.0
0.005	0.9837560228189041	1.6713879911793954	0.0	0.0	0.0	81.0	10.1e-6	977.0
0.005	0.9812449900779643	1.678536457214229	0.0	0.0	0.0	81.0	10.1e-6	977.0
0.005	0.9960228415123613	1.6758027655868302	0.0	0.0	0.0	81.25	10.1e-6	977.0
0.005	0.9810198228470175	1.6751691300136164	0.0	0.0	0.0	81.25	10.1e-6	977.0
0.005	1.0048646516992674	1.6743561891812762	0.0	0.0	0.0	81.25	10.1e-6	977.0
0.005	0.996012187066232	1.6798253499621016	0.0	0.0	0.0	81.25	10.1e-6	977.0
0.005	1.0163690538119763	1.6713223943747535	0.0	0.0	0.0	81.25	10.1e-6	977.0
0.005	1.0100191400052738	1.6703857407115252	0.0	0.0	0.0	81.5	10.1e-6	977.0
0.005	0.9885880593466596	1.673699144112108	0.0	0.0	0.0	81.5	10.1e-6	977.0
0.005	1.0184517473673622	1.6779613454656006	0.0	0.0	0.0	81.5	10.1e-6	977.0
0.005	0.9935678753733203	1.674800922929599	0.0	0.0	0.0	81.5	10.1e-6	977.0
0.005	1.0083053970487634	1.6734003582195878	0.0	0.0	0.0	81.5	10.1e-6	977.0
0.005	0.9847804867438891	1.6773543098130954	0.0	0.0	0.0	81.75	10.1e-6	977.0
0.005	0.9903400359084825	1.67710075082653	0.0	0.0	0.0	81.75	10.1e-6	977.0
0.005	0.9831320276573334	1.6703304171791746	0.0	0.0	0.0	81.75	10.1e-6	977.0
0.005	0.9816548284098974	1.678849488696699	0.0	0.0	0.0	81.75	10.1e-6	977.0
0.005	0.9996516847653948	1.6722272430546068	0.0	0.0	0.0	81.75	10.1e-6	977.0
0.005	1.0079830492836683	1.6710571692223553	0.0	0.0	0.0	82.0	10.1e-6	977.0
0.005	0.9925390030539312	1.6729805478898832	0.0	0.0	0.0	82.0	10.1e-6	977.0
0.005	0.9814549251775446	1.6785249740602068	0.0	0.0	0.0	82.0	10.1e-6	977.0
0.005	0.9932719794461318	1.6723001011156955	0.0	0.0	0.0	82.0	10.1e-6	977.0
0.005	1.0047497230511517	1.671151553126368	0.0	0.0	0.0	82.0	10.1e-6	977.0
0.005	0.9912221978737993	1.673851248315645	0.0	0.0	0.0	82.25	10.1e-6	977.0
0.005	1.0024495091055778	1.6738625979155204	0.0	0.0	0.0	82.25	10.1e-6	977.0
0.005	1.0000219362381098	1.6770936684275928	0.0	0.0	0.0	82.25	10.1e-6	977.0
0.005	0.9940720294148206	1.678277320895202	0.0	0.0	0.0	82.25	10.1e-6	977.0
0.005	0.986451516476773	1.67012880858022	0.0	0.0	0.0	82.25	10.1e-6	977.0
0.005	0.9897155436148957	1.678954397138993	0.0	0.0	0.0	85.0	10.1e-6	977.0
0.005	1.002522747692361	1.6720748545816975	0.0	0.0	0.0	85.0	10.1e-6	977.0
0.005	1.0080815386754307	1.671693108489114	0.0	0.0	0.0	85.0	10.1e-6	977.0
0.005	0.9870843204778198	1.6716913647245009	0.0	0.0	0.0	85.0	10.1e-6	977.0
0.005	1.013913599144555	1.6796391210136674	0.0	0.0	0.0	85.0	10.1e-6	977.0
0.005	0.9969006540654313	1.6760050996345548	0.0	0.0	0.0	85.25	10.1e-6	977.0
0.005	1.012084295377833	1.679420597591791	0.0	0.0	0.0	85.25	10.1e-6	977.0
0.005	1.0170290089583547	1.6794347478650422	0.0	0.0	0.0	85.25	10.1e-6	977.0
0.005	0.982869567409099	1.676091486703841	0.0	0.0	0.0	85.25	10.1e-6	977.0
0.005	0.9978192559397467	1.6790333155429165	0.0	0.0	0.0	85.25	10.1e-6	977.0
0.005	0.9999851117674408	1.6755705743212757	0.0	0.0	0.0	85.5	10.1e-6	977.0
0.005	0.9994998577156958	1.6728922624709153	0.0	0.0	0.0	85.5	10.1e-6	977.0
0.005	0.9809322704572901	1.6767515154182446	0.0	0.0	0.0	85.5	10.1e-6	977.0
0.005	1.0115924244774763	1.6767099992077452	0.0	0.0	0.0	85.5	10.1e-6	977.0
0.005	0.9896421061250567	1.6755587552568332	0.0	0.0	0.0	85.5	10.1e-6	977.0
0.005	0.9996762580824934	1.6759542304754114	0.0	0.0	0.0	85.75	10.1e-6	977.0
0.005	1.019049047840954	1.671560975962106	0.0	0.0	0.0	85.75	10.1e-6	977.0
0.005	1.0126535423116518	1.6749767059205602	0.0	0.0	0.0	85.75	10.1e-6	977.0
0.005	1.0181185055797826	1.6784910540750901	0.0	0.0	0.0	85.75	10.1e-6	977.0
0.005	0.9804251897625753	1.6798729931315626	0.0	0.0	0.0	85.75	10.1e-6	977.0
0.005	1.0051709897464358	1.6741322632489182	0.0	0.0	0.0	86.0	10.1e-6	977.0
0.005	1.003614918902094	1.6713687926465082	0.0	0.0	0.0	86.0	10.1e-6	977.0
0.005	1.0017022191975813	1.6766390871349341	0.0	0.0	0.0	86.0	10.1e-6	977.0
0.005	0.9877103089122083	1.6741821834286261	0.0	0.0	0.0	86.0	10.1e-6	977.0
0.005	1.0012988913382344	1.6705501361500372	0.0	0.0	0.0	86.0	10.1e-6	977.0
0.005	1.0170135801025157	1.6746329375281477	0.0	0.0	0.0	86.25	10.1e-6	977.0
0.005	0.9974289776504406	1.6759779533527182	0.0	0.0	0.0	86.25	10.1e-6	977.0
0.005	1.0079574569548064	1.6705665161638454	0.0	0.0	0.0	86.25	10.1e-6	977.0
0.005	0.9963519732069093	1.676271254158787	0.0	0.0	0.0	86.25	10.1e-6	977.0
0.005	1.0107330822404725	1.6783346495518863	0.0	0.0	0.0	86.25	10.1e-6	977.0
0.005	1.0021109165012163	1.679742998961721	0.0	0.0	0.0	86.5	10.1e-6	977.0
0.005	1.0088010177405642	1.6754822184932554	0.0	0.0	0.0	86.5	10.1e-6	977.0
0.005	1.0131951599256606	1.6794501396336161	0.0	0.0	0.0	86.5	10.1e-6	977.0
0.005	0.983219627174376	1.6786486761711465	0.0	0.0	0.0	86.5	10.1e-6	977.0
0.005	0.9897633312475722	1.6796030169961118	0.0	0.0	0.0	86.5	10.1e-6	977.0
0.005	1.0114440374474674	1.6719757180682908	0.0	0.0	0.0	86.75	10.1e-6	977.0
0.005	0.9839213757920061	1.6771377954120348	0.0	0.0	0.0	86.75	10.1e-6	977.0
0.005	0.9900088064376752	1.6761543359706768	0.0	0.0	0.0	86.75	10.1e-6	977.0
0.005	0.9843385605229289	1.676947882403427	0.0	0.0	0.0	86.75	10.1e-6	977.0
0.005	0.9856713300945472	1.6784786283577513	0.0	0.0	0.0	86.75	10.1e-6	977.0
0.005	0.9951430509357752	1.673669061485009	0.0	0.0	0.0	87.0	10.1e-6	977.0
0.005	1.0151833383408426	1.6775958010837129	0.0	0.0	0.0	87.0	10.1e-6	977.0
0.005	1.013979041620987	1.6768112606417895	0.0	0.0	0.0	87.0	10.1e-6	977.0
0.005	1.0104498866820222	1.674315484817709	0.0	0.0	0.0	87.0	10.1e-6	977.0
0.005	1.0133403927367923	1.675935645874332	0.0	0.0	0.0	87.0	10.1e-6	977.0
0.005	1.0108011152549858	1.6798282246968474	0.0	0.0	0.0	87.25	10.1e-6	977.0
0.005	0.9929565007533976	1.6752548607647817	0.0	0.0	0.0	87.25	10.1e-6	977.0
0.005	0.9927482430661151	1.6759864649646592	0.0	0.0	0.0	87.25	10.1e-6	977.0
0.005	0.9917996712380813	1.675876314834885	0.0	0.0	0.0	87.25	10.1e-6	977.0
0.005	0.9817255128120026	1.6798343361925059	0.0	0.0	0.0	87.25	10.1e-6	977.0
0.005	1.0112248055531483	1.6773808022673888	0.0	0.0	0.0	90.0	10.1e-6	977.0
0.005	1.0066051186841518	1.6761946328411816	0.0	0.0	0.0	90.0	10.1e-6	977.0
0.005	1.0132949034052745	1.6774830868343271	0.0	0.0	0.0	90.0	10.1e-6	977.0
0.005	1.018754512018844	1.674627356284636	0.0	0.0	0.0	90.0	10.1e-6	977.0
0.005	1.0194133869720654	1.675590158502727	0.0	0.0	0.0	90.0	10.1e-6	977.0
0.005	0.9978381516314061	1.6786561253656842	0.0	0.0	0.0	90.25	10.1e-6	977.0
0.005	0.993321359253019	1.6731723736723847	0.0	0.0	0.0	90.25	10.1e-6	977.0
0.005	0.9808274043170788	1.6764724557833899	0.0	0.0	0.0	90.25	10.1e-6	977.0
0.005	1.0138360349097508	1.6773478859831874	0.0	0.0	0.0	90.25	10.1e-6	977.0
0.005	0.983349373672892	1.677843750801535	0.0	0.0	0.0	90.25	10.1e-6	977.0
0.005	0.9899103161912022	1.674997525380178	0.0	0.0	0.0	90.5	10.1e-6	977.0
0.005	1.0123525552961825	1.6755945127621992	0.0	0.0	0.0	90.5	10.1e-6	977.0
0.005	0.9820020668511648	1.6759204103674883	0.0	0.0	0.0	90.5	10.1e-6	977.0
0.005	1.019270055405785	1.6726455758324608	0.0	0.0	0.0	90.5	10.1e-6	977.0
0.005	0.9918945509371249	1.6799878360040752	0.0	0.0	0.0	90.5	10.1e-6	977.0
0.005	0.9997510100705603	1.6759464400985682	0.0	0.0	0.0	90.75	10.1e-6	977.0
0.005	1.0116440712025694	1.6759064276851197	0.0	0.0	0.0	90.75	10.1e-6	977.0
0.005	0.9964921817701607	1.6765461197967224	0.0	0.0	0.0	90.75	10.1e-6	977.0
0.005	0.9897934217306087	1.6727421769251436	0.0	0.0	0.0	90.75	10.1e-6	977.0
0.005	1.0092612057060708	1.6748715310490971	0.0	0.0	0.0	90.75	10.1e-6	977.0
0.005	1.0025882878169368	1.6749445263704357	0.0	0.0	0.0	91.0	10.1e-6	977.0
0.005	0.9916545756835721	1.6712312283068023	0.0	0.0	0.0	91.0	10.1e-6	977.0
0.005	1.0199087268796387	1.670069820436524	0.0	0.0	0.0	91.0	10.1e-6	977.0
0.005	0.9823039824488647	1.674860752041008	0.0	0.0	0.0	91.0	10.1e-6	977.0
0.005	1.011108806913448	1.6747487567403607	0.0	0.0	0.0	91.0	10.1e-6	977.0
0.005	1.0137830776249594	1.6706797852933295	0.0	0.0	0.0	91.25	10.1e-6	977.0
0.005	0.9963680879028877	1.671156890338729	0.0	0.0	0.0	91.25	10.1e-6	977.0
0.005	0.99614822300995	1.671879862228847	0.0	0.0	0.0	91.25	10.1e-6	977.0
0.005	1.0172376633517644	1.6778176905074917	0.0	0.0	0.0	91.25	10.1e-6	977.0
0.005	0.9882837253890936	1.6750665919586154	0.0	0.0	0.0	91.25	10.1e-6	977.0
0.005	1.0019668812600506	1.6756971875964874	0.0	0.0	0.0	91.5	10.1e-6	977.0
0.005	1.0164130551317088	1.6761264684180637	0.0	0.0	0.0	91.5	10.1e-6	977.0
0.005	0.9978045265918981	1.6703221846549314	0.0	0.0	0.0	91.5	10.1e-6	977.0
0.005	1.0197604979538728	1.678508926406076	0.0	0.0	0.0	91.5	10.1e-6	977.0
0.005	1.0131293963466808	1.6728459662849646	0.0	0.0	0.0	91.5	10.1e-6	977.0
0.005	0.9933694263070107	1.6762634542568928	0.0	0.0	0.0	91.75	10.1e-6	977.0
0.005	1.0063096363942168	1.6766247042754425	0.0	0.0	0.0	91.75	10.1e-6	977.0
0.005	1.0078621413137951	1.6772067254910297	0.0	0.0	0.0	91.75	10.1e-6	977.0
0.005	0.9906203303698661	1.6768280709358676	0.0	0.0	0.0	91.75	10.1e-6	977.0
0.005	1.0188283256970692	1.677660280973241	0.0	0.0	0.0	91.75	10.1e-6	977.0
0.005	0.9907688772156997	1.6711333408350468	0.0	0.0	0.0	92.0	10.1e-6	977.0
0.005	0.9857886763853452	1.6725029436095074	0.0	0.0	0.0	92.0	10.1e-6	977.0
0.005	0.9950024022487476	1.6718586916101867	0.0	0.0	0.0	92.0	10.1e-6	977.0
0.005	1.0038819860439014	1.671374455392421	0.0	0.0	0.0	92.0	10.1e-6	977.0
0.005	1.0077822000233034	1.6789577324269784	0.0	0.0	0.0	92.0	10.1e-6	977.0
0.005	1.0165703227990452	1.6701184481718554	0.0	0.0	0.0	92.25	10.1e-6	977.0
0.005	1.0146823208400422	1.6756119326456786	0.0	0.0	0.0	92.25	10.1e-6	977.0
0.005	1.0098156393614293	1.6792370310574194	0.0	0.0	0.0	92.25	10.1e-6	977.0
0.005	0.9877338104703124	1.6762880527997632	0.0	0.0	0.0	92.25	10.1e-6	977.0
0.005	0.9930464243260065	1.6787950241317342	0.0	0.0	0.0	92.25	10.1e-6	977.0
0.005	1.0172565214402798	1.6745313149124859	0.0	0.0	0.0	95.0	10.1e-6	977.0
0.005	0.9904662953729404	1.6792197817150394	0.0	0.0	0.0	95.0	10.1e-6	977.0
0.005	0.9898863373517741	1.6702295908854163	0.0	0.0	0.0	95.0	10.1e-6	977.0
0.005	0.9872025914520393	1.6709185942564777	0.0	0.0	0.0	95.0	10.1e-6	977.0
0.005	0.9816559085089902	1.6728305124210032	0.0	0.0	0.0	95.0	10.1e-6	977.0
0.005	0.9879423265120697	1.6788349694052445	0.0	0.0	0.0	95.25	10.1e-6	977.0
0.005	0.9923507289987523	1.6727802450780365	0.0	0.0	0.0	95.25	10.1e-6	977.0
0.005	0.9880642105314466	1.6783665613976533	0.0	0.0	0.0	95.25	10.1e-6	977.0
0.005	1.0027912218370505	1.6766181540266734	0.0	0.0	0.0	95.25	10.1e-6	977.0
0.005	0.9899212755720923	1.6708880713141239	0.0	0.0	0.0	95.25	10.1e-6	977.0
0.005	1.00629583902019	1.6771144529985407	0.0	0.0	0.0	95.5	10.1e-6	977.0
0.005	0.9912137666230674	1.6709212375038884	0.0	0.0	0.0	95.5	10.1e-6	977.0
0.005	0.9942234368505593	1.676497533997746	0.0	0.0	0.0	95.5	10.1e-6	977.0
0.005	1.0108463130241758	1.6725119902866785	0.0	0.0	0.0	95.5	10.1e-6	977.0
0.005	0.9855435138089139	1.6752206781260877	0.0	0.0	0.0	95.5	10.1e-6	977.0
0.005	0.9827627830001578	1.6756327606078472	0.0	0.0	0.0	95.75	10.1e-6	977.0
0.005	1.012846754835178	1.6781112583787787	0.0	0.0	0.0	95.75	10.1e-6	977.0
0.005	0.9967934148727731	1.6712164452260796	0.0	0.0	0.0	95.75	10.1e-6	977.0
0.005	1.0189523812129222	1.6795695443542473	0.0	0.0	0.0	95.75	10.1e-6	977.0
0.005	1.0117103857047305	1.6733632156835796	0.0	0.0	0.0	95.75	10.1e-6	977.0
0.005	0.990679764267396	1.6772114979699102	0.0	0.0	0.0	96.0	10.1e-6	977.0
0.005	1.0057955843118875	1.6730336599947646	0.0	0.0	0.0	96.0	10.1e-6	977.0
0.005	0.9844626658257347	1.6793205189298739	0.0	0.0	0.0	96.0	10.1e-6	977.0
0.005	0.9893248797296463	1.6795938741308405	0.0	0.0	0.0	96.0	10.1e-6	977.0
0.005	1.0008007123688516	1.6776888667673584	0.0	0.0	0.0	96.0	10.1e-6	977.0
0.005	1.0196565864182463	1.677798011199892	0.0	0.0	0.0	96.25	10.1e-6	977.0
0.005	0.9977645302294776	1.6793800790977615	0.0	0.0	0.0	96.25	10.1e-6	977.0
0.005	0.9889534784543069	1.6713529887813812	0.0	0.0	0.0	96.25	10.1e-6	977.0
0.005	0.9807159513960289	1.6780068305248386	0.0	0.0	0.0	96.25	10.1e-6	977.0
0.005	0.995813270064567	1.673246755198107	0.0	0.0	0.0	96.25	10.1e-6	977.0
0.005	1.013503074228079	1.6788838622492606	0.0	0.0	0.0	96.5	10.1e-6	977.0
0.005	0.9874980828885915	1.6761546962240559	0.0	0.0	0.0	96.5	10.1e-6	977.0
0.005	0.9815367472417127	1.6720635279650913	0.0	0.0	0.0	96.5	10.1e-6	977.0
0.005	0.9975351667985897	1.6788387548849326	0.0	0.0	0.0	96.5	10.1e-6	977.0
0.005	0.9873636435738032	1.6727854543265297	0.0	0.0	0.0	96.5	10.1e-6	977.0
0.005	0.9949784831935109	1.6723937653786223	0.0	0.0	0.0	96.75	10.1e-6	977.0
0.005	1.008125842196777	1.6726891670277722	0.0	0.0	0.0	96.75	10.1e-6	977.0
0.005	0.9834901017638981	1.6719570459047934	0.0	0.0	0.0	96.75	10.1e-6	977.0
0.005	1.000038514600035	1.6788893941658478	0.0	0.0	0.0	96.75	10.1e-6	977.0
0.005	0.996222384017596	1.6772728181242176	0.0	0.0	0.0	96.75	10.1e-6	977.0
0.005	0.9942731494417096	1.673059707837218	0.0	0.0	0.0	97.0	10.1e-6	977.0
0.005	1.0030699740114304	1.678347660262796	0.0	0.0	0.0	97.0	10.1e-6	977.0
0.005	0.9879867891856454	1.6719001722924924	0.0	0.0	0.0	97.0	10.1e-6	977.0
0.005	1.0091822883879615	1.6768213458834786	0.0	0.0	0.0	97.0	10.1e-6	977.0
0.005	0.9971364735361423	1.6769633112782394	0.0	0.0	0.0	97.0	10.1e-6	977.0
0.005	0.9950537061326704	1.673784951427245	0.0	0.0	0.0	97.25	10.1e-6	977.0
0.005	0.9931552905708748	1.677342162349249	0.0	0.0	0.0	97.25	10.1e-6	977.0
0.005	0.9992227587654361	1.6747633131434492	0.0	0.0	0.0	97.25	10.1e-6	977.0
0.005	1.0177255956813782	1.6798340366115525	0.0	0.0	0.0	97.25	10.1e-6	977.0
0.005	1.006208494677509	1.6781836311812817	0.0	0.0	0.0	97.25	10.1e-6	977.0
0.005	1.0158642369335384	1.6716809793935339	0.0	0.0	0.0	100.0	10.1e-6	977.0
0.005	1.006300087112547	1.6753393663746212	0.0	0.0	0.0	100.0	10.1e-6	977.0
0.005	0.9938730341007886	1.6732217176346538	0.0	0.0	0.0	100.0	10.1e-6	977.0
0.005	0.9986486791410029	1.6706342738237252	0.0	0.0	0.0	100.0	10.1e-6	977.0
0.005	0.9893654965337517	1.6747207571597547	0.0	0.0	0.0	100.0	10.1e-6	977.0
