# location  velocity  "start time"  diameter  density
#  x y z     u v w
0.005	0.9921972721084487	1.67195975907372	0.0	0.0	0.0	0.0	10.1e-6	977.0
0.005	0.9895566506275498	1.6754082018004643	0.0	0.0	0.0	0.0	10.1e-6	977.0
0.005	1.0094916362299362	1.670938925293189	0.0	0.0	0.0	0.0	10.1e-6	977.0
0.005	0.995001709015127	1.677871872051281	0.0	0.0	0.0	0.0	10.1e-6	977.0
0.005	1.0110720606993326	1.678559901016252	0.0	0.0	0.0	0.0	10.1e-6	977.0
0.005	0.981732321436137	1.6706905347827214	0.0	0.0	0.0	0.25	10.1e-6	977.0
0.005	1.0125449659744543	1.675082083415516	0.0	0.0	0.0	0.25	10.1e-6	977.0
0.005	0.997450392182222	1.6746889426339613	0.0	0.0	0.0	0.25	10.1e-6	977.0
0.005	1.0117628592597392	1.6703383011825992	0.0	0.0	0.0	0.25	10.1e-6	977.0
0.005	1.0074981420342095	1.6746491922318085	0.0	0.0	0.0	0.25	10.1e-6	977.0
0.005	0.9993907843190023	1.6798585717512202	0.0	0.0	0.0	0.5	10.1e-6	977.0
0.005	1.0023049750394868	1.6798853524110628	0.0	0.0	0.0	0.5	10.1e-6	977.0
0.005	1.0186328465131873	1.6766152869746656	0.0	0.0	0.0	0.5	10.1e-6	977.0
0.005	0.9830613502925034	1.67785459468845	0.0	0.0	0.0	0.5	10.1e-6	977.0
0.005	0.9830230930931562	1.6755778509018853	0.0	0.0	0.0	0.5	10.1e-6	977.0
0.005	1.006718021107563	1.6787437581312088	0.0	0.0	0.0	0.75	10.1e-6	977.0
0.005	0.9907534889187718	1.6752944149689484	0.0	0.0	0.0	0.75	10.1e-6	977.0
0.005	1.0104245977535329	1.6750297901599904	0.0	0.0	0.0	0.75	10.1e-6	977.0
0.005	0.9823857293196676	1.679665127852427	0.0	0.0	0.0	0.75	10.1e-6	977.0
0.005	0.9900017367557333	1.6761718607245215	0.0	0.0	0.0	0.75	10.1e-6	977.0
0.005	1.0079506314528166	1.6784572172821068	0.0	0.0	0.0	1.0	10.1e-6	977.0
0.005	0.9923142293266062	1.6749399664210713	0.0	0.0	0.0	1.0	10.1e-6	977.0
0.005	1.0033048853309168	1.6773921812025556	0.0	0.0	0.0	1.0	10.1e-6	977.0
0.005	1.0074253068180063	1.6724345391707391	0.0	0.0	0.0	1.0	10.1e-6	977.0
0.005	1.0099311767934545	1.6703306301242977	0.0	0.0	0.0	1.0	10.1e-6	977.0
0.005	0.9991476247786986	1.6724825338303375	0.0	0.0	0.0	1.25	10.1e-6	977.0
0.005	1.0090515550187351	1.6756991291534826	0.0	0.0	0.0	1.25	10.1e-6	977.0
0.005	0.9802534721426984	1.678035030467109	0.0	0.0	0.0	1.25	10.1e-6	977.0
0.005	0.9901513608556199	1.6728785359181684	0.0	0.0	0.0	1.25	10.1e-6	977.0
0.005	1.016667640556251	1.6702229213626945	0.0	0.0	0.0	1.25	10.1e-6	977.0
0.005	0.9861346749120906	1.6768480286869856	0.0	0.0	0.0	1.5	10.1e-6	977.0
0.005	0.9841112334528228	1.6751141900994266	0.0	0.0	0.0	1.5	10.1e-6	977.0
0.005	1.0070929612661568	1.6739787215407005	0.0	0.0	0.0	1.5	10.1e-6	977.0
0.005	0.9968785414695476	1.675833345546964	0.0	0.0	0.0	1.5	10.1e-6	977.0
0.005	1.0167188769136881	1.6716496562160843	0.0	0.0	0.0	1.5	10.1e-6	977.0
0.005	1.002796691179111	1.6785050721949544	0.0	0.0	0.0	1.75	10.1e-6	977.0
0.005	0.9841275725427185	1.6700495339432697	0.0	0.0	0.0	1.75	10.1e-6	977.0
0.005	0.9957106546629073	1.673242993234391	0.0	0.0	0.0	1.75	10.1e-6	977.0
0.005	1.0171885900109432	1.672934217938733	0.0	0.0	0.0	1.75	10.1e-6	977.0
0.005	1.019913487972229	1.6711227317031982	0.0	0.0	0.0	1.75	10.1e-6	977.0
0.005	0.9832649555481127	1.6738854440870186	0.0	0.0	0.0	2.0	10.1e-6	977.0
0.005	1.0055243477910543	1.6752564591690624	0.0	0.0	0.0	2.0	10.1e-6	977.0
0.005	1.0188231635147433	1.6793378299529116	0.0	0.0	0.0	2.0	10.1e-6	977.0
0.005	0.994970862919336	1.6702975293047748	0.0	0.0	0.0	2.0	10.1e-6	977.0
0.005	0.9818592778951276	1.6778601453189248	0.0	0.0	0.0	2.0	10.1e-6	977.0
0.005	1.0111507466350356	1.6720855458948838	0.0	0.0	0.0	2.25	10.1e-6	977.0
0.005	0.9972917364971927	1.673136447930975	0.0	0.0	0.0	2.25	10.1e-6	977.0
0.005	1.0110484407984626	1.675070929845038	0.0	0.0	0.0	2.25	10.1e-6	977.0
0.005	0.9872607484009045	1.6761660339175608	0.0	0.0	0.0	2.25	10.1e-6	977.0
0.005	1.0138746414068307	1.6717847369842394	0.0	0.0	0.0	2.25	10.1e-6	977.0
0.005	1.0194721591141893	1.6795198530000899	0.0	0.0	0.0	5.0	10.1e-6	977.0
0.005	1.0147472102653028	1.6726552665532213	0.0	0.0	0.0	5.0	10.1e-6	977.0
0.005	0.9813880779951245	1.6709010810374731	0.0	0.0	0.0	5.0	10.1e-6	977.0
0.005	1.0087215964723426	1.6747472201374516	0.0	0.0	0.0	5.0	10.1e-6	977.0
0.005	1.018666619123105	1.6779343748161684	0.0	0.0	0.0	5.0	10.1e-6	977.0
0.005	1.0119004087951222	1.671130822270519	0.0	0.0	0.0	5.25	10.1e-6	977.0
0.005	1.0044577844703735	1.674578832454079	0.0	0.0	0.0	5.25	10.1e-6	977.0
0.005	0.9907968211627948	1.6733875324476337	0.0	0.0	0.0	5.25	10.1e-6	977.0
0.005	0.9904843187265784	1.6728873718083614	0.0	0.0	0.0	5.25	10.1e-6	977.0
0.005	0.9886283477927116	1.6707594395559942	0.0	0.0	0.0	5.25	10.1e-6	977.0
0.005	1.008519826056696	1.6702113552511193	0.0	0.0	0.0	5.5	10.1e-6	977.0
0.005	0.9948297332048137	1.6744166514553196	0.0	0.0	0.0	5.5	10.1e-6	977.0
0.005	0.9944443990027853	1.678868873921317	0.0	0.0	0.0	5.5	10.1e-6	977.0
0.005	1.018885905517424	1.6730591098504832	0.0	0.0	0.0	5.5	10.1e-6	977.0
0.005	1.011589852294551	1.6722321825470354	0.0	0.0	0.0	5.5	10.1e-6	977.0
0.005	0.9824472397836825	1.6775639277937617	0.0	0.0	0.0	5.75	10.1e-6	977.0
0.005	0.9817924516202183	1.6777094402335457	0.0	0.0	0.0	5.75	10.1e-6	977.0
0.005	1.004860274609394	1.6760859195598623	0.0	0.0	0.0	5.75	10.1e-6	977.0
0.005	0.9827296604105317	1.6764129033343156	0.0	0.0	0.0	5.75	10.1e-6	977.0
0.005	0.9857404401048704	1.6745280572885028	0.0	0.0	0.0	5.75	10.1e-6	977.0
0.005	0.9809142453664511	1.673996340997502	0.0	0.0	0.0	6.0	10.1e-6	977.0
0.005	1.0027190021268313	1.6787578566050612	0.0	0.0	0.0	6.0	10.1e-6	977.0
0.005	1.0186133688309702	1.6757607268242858	0.0	0.0	0.0	6.0	10.1e-6	977.0
0.005	0.990007163975564	1.675682784392165	0.0	0.0	0.0	6.0	10.1e-6	977.0
0.005	0.9870052178635409	1.6752976550927494	0.0	0.0	0.0	6.0	10.1e-6	977.0
0.005	1.0134281053754493	1.675907986946999	0.0	0.0	0.0	6.25	10.1e-6	977.0
0.005	0.9804619193548868	1.675253024370885	0.0	0.0	0.0	6.25	10.1e-6	977.0
0.005	1.019945694106665	1.6715126438091563	0.0	0.0	0.0	6.25	10.1e-6	977.0
0.005	0.9824035675772089	1.6751250743063777	0.0	0.0	0.0	6.25	10.1e-6	977.0
0.005	0.9922937941863587	1.6739757839610843	0.0	0.0	0.0	6.25	10.1e-6	977.0
0.005	1.0128339249431924	1.6773393970486605	0.0	0.0	0.0	6.5	10.1e-6	977.0
0.005	1.017479182377556	1.6734327001202933	0.0	0.0	0.0	6.5	10.1e-6	977.0
0.005	0.9943934791478056	1.6792990594762984	0.0	0.0	0.0	6.5	10.1e-6	977.0
0.005	1.0130133278747442	1.679492040879509	0.0	0.0	0.0	6.5	10.1e-6	977.0
0.005	0.9975399736912995	1.6736766618082835	0.0	0.0	0.0	6.5	10.1e-6	977.0
0.005	0.9819556548194999	1.670292817227537	0.0	0.0	0.0	6.75	10.1e-6	977.0
0.005	1.0193607340084425	1.6708961781706324	0.0	0.0	0.0	6.75	10.1e-6	977.0
0.005	1.0071947903707001	1.6770602337543243	0.0	0.0	0.0	6.75	10.1e-6	977.0
0.005	0.9973515186052511	1.6797597909737507	0.0	0.0	0.0	6.75	10.1e-6	977.0
0.005	0.9997517681315483	1.6765676985404738	0.0	0.0	0.0	6.75	10.1e-6	977.0
0.005	0.9966502359956947	1.6703857501532418	0.0	0.0	0.0	7.0	10.1e-6	977.0
0.005	0.9907886022919715	1.6742404318997206	0.0	0.0	0.0	7.0	10.1e-6	977.0
0.005	0.9836665824593317	1.67747474138162	0.0	0.0	0.0	7.0	10.1e-6	977.0
0.005	1.0061061263583	1.6706408647722246	0.0	0.0	0.0	7.0	10.1e-6	977.0
0.005	0.9938737794529268	1.6758304175190688	0.0	0.0	0.0	7.0	10.1e-6	977.0
0.005	1.0133540504723246	1.6777789971036345	0.0	0.0	0.0	7.25	10.1e-6	977.0
0.005	0.985134437575907	1.6744880033352725	0.0	0.0	0.0	7.25	10.1e-6	977.0
0.005	1.0080981490383396	1.6730120553072214	0.0	0.0	0.0	7.25	10.1e-6	977.0
0.005	1.0160420107069357	1.6732554675762188	0.0	0.0	0.0	7.25	10.1e-6	977.0
0.005	1.0030656998584457	1.6753131036236741	0.0	0.0	0.0	7.25	10.1e-6	977.0
0.005	0.9863253992073799	1.6713341016212715	0.0	0.0	0.0	10.0	10.1e-6	977.0
0.005	0.9804174632800003	1.6708338186699507	0.0	0.0	0.0	10.0	10.1e-6	977.0
0.005	0.9811940990217185	1.6789137784643404	0.0	0.0	0.0	10.0	10.1e-6	977.0
0.005	0.9916288257421685	1.6764310326206413	0.0	0.0	0.0	10.0	10.1e-6	977.0
0.005	1.001220266579752	1.6790671351212638	0.0	0.0	0.0	10.0	10.1e-6	977.0
0.005	1.006742986000688	1.6708781727194877	0.0	0.0	0.0	10.25	10.1e-6	977.0
0.005	1.0125082780528474	1.6742331929178431	0.0	0.0	0.0	10.25	10.1e-6	977.0
0.005	0.9925360971435322	1.67438246238316	0.0	0.0	0.0	10.25	10.1e-6	977.0
0.005	1.006491192409228	1.6789806569299668	0.0	0.0	0.0	10.25	10.1e-6	977.0
0.005	0.9910770486636604	1.678856871635525	0.0	0.0	0.0	10.25	10.1e-6	977.0
0.005	0.9903451153453251	1.672622035423256	0.0	0.0	0.0	10.5	10.1e-6	977.0
0.005	0.9827351811277623	1.6765634357382124	0.0	0.0	0.0	10.5	10.1e-6	977.0
0.005	1.010026403449264	1.6730307150302042	0.0	0.0	0.0	10.5	10.1e-6	977.0
0.005	1.0099303287860733	1.6786261065324144	0.0	0.0	0.0	10.5	10.1e-6	977.0
0.005	0.9860548132995746	1.6787167624022936	0.0	0.0	0.0	10.5	10.1e-6	977.0
0.005	1.0017085289419514	1.6785132444491155	0.0	0.0	0.0	10.75	10.1e-6	977.0
0.005	1.0125188472932984	1.6700568355298961	0.0	0.0	0.0	10.75	10.1e-6	977.0
0.005	0.9846196511206198	1.6716692393758097	0.0	0.0	0.0	10.75	10.1e-6	977.0
0.005	1.0110414309700249	1.6781846130145202	0.0	0.0	0.0	10.75	10.1e-6	977.0
0.005	0.9818812184438221	1.673816788299825	0.0	0.0	0.0	10.75	10.1e-6	977.0
0.005	0.9902445835337825	1.6742010791341277	0.0	0.0	0.0	11.0	10.1e-6	977.0
0.005	1.017669487964063	1.6789112345903745	0.0	0.0	0.0	11.0	10.1e-6	977.0
0.005	1.014220130187168	1.673799147599196	0.0	0.0	0.0	11.0	10.1e-6	977.0
0.005	0.9899995916102917	1.6779676027377892	0.0	0.0	0.0	11.0	10.1e-6	977.0
0.005	1.0056669527612754	1.6738877555091853	0.0	0.0	0.0	11.0	10.1e-6	977.0
0.005	0.9997333021102477	1.674317378817489	0.0	0.0	0.0	11.25	10.1e-6	977.0
0.005	0.9855111798367178	1.674014048969499	0.0	0.0	0.0	11.25	10.1e-6	977.0
0.005	0.988317055257115	1.6729711185332743	0.0	0.0	0.0	11.25	10.1e-6	977.0
0.005	1.002018493488217	1.6704506167505293	0.0	0.0	0.0	11.25	10.1e-6	977.0
0.005	0.9828336437425051	1.6794751934483734	0.0	0.0	0.0	11.25	10.1e-6	977.0
0.005	0.9965275521057638	1.673875759579689	0.0	0.0	0.0	11.5	10.1e-6	977.0
0.005	1.0146517007368157	1.6771908676106515	0.0	0.0	0.0	11.5	10.1e-6	977.0
0.005	1.0090006562221165	1.6712938362159662	0.0	0.0	0.0	11.5	10.1e-6	977.0
0.005	0.9867005188612078	1.6791632746994765	0.0	0.0	0.0	11.5	10.1e-6	977.0
0.005	1.0194006475325808	1.6720927949819269	0.0	0.0	0.0	11.5	10.1e-6	977.0
0.005	0.9893612292946845	1.678195581254883	0.0	0.0	0.0	11.75	10.1e-6	977.0
0.005	0.9808015636798145	1.672531902110628	0.0	0.0	0.0	11.75	10.1e-6	977.0
0.005	1.0027266387648213	1.67140511980906	0.0	0.0	0.0	11.75	10.1e-6	977.0
0.005	1.0047163400769106	1.6751610117729465	0.0	0.0	0.0	11.75	10.1e-6	977.0
0.005	1.009033206936657	1.6764862147412245	0.0	0.0	0.0	11.75	10.1e-6	977.0
0.005	1.01686940459671	1.6735655321629943	0.0	0.0	0.0	12.0	10.1e-6	977.0
0.005	0.9889125668778997	1.6728983566113655	0.0	0.0	0.0	12.0	10.1e-6	977.0
0.005	0.9954443907939251	1.6744376646135384	0.0	0.0	0.0	12.0	10.1e-6	977.0
0.005	0.998710557075022	1.6753493139819062	0.0	0.0	0.0	12.0	10.1e-6	977.0
0.005	1.0084333164553871	1.6785588121912836	0.0	0.0	0.0	12.0	10.1e-6	977.0
0.005	0.9950008009551029	1.6744692947151534	0.0	0.0	0.0	12.25	10.1e-6	977.0
0.005	0.9913852032986024	1.6771989518595238	0.0	0.0	0.0	12.25	10.1e-6	977.0
0.005	0.998778019903727	1.6751115753319104	0.0	0.0	0.0	12.25	10.1e-6	977.0
0.005	0.9827218381417507	1.6774071104108408	0.0	0.0	0.0	12.25	10.1e-6	977.0
0.005	1.011969621615678	1.674367959427848	0.0	0.0	0.0	12.25	10.1e-6	977.0
0.005	1.0134588988881572	1.6718683095010578	0.0	0.0	0.0	15.0	10.1e-6	977.0
0.005	0.9990336412813172	1.6755698066384952	0.0	0.0	0.0	15.0	10.1e-6	977.0
0.005	1.0163821333595495	1.6798111926864119	0.0	0.0	0.0	15.0	10.1e-6	977.0
0.005	1.0000913581125246	1.67779899506472	0.0	0.0	0.0	15.0	10.1e-6	977.0
0.005	1.0057060246743468	1.67235636302792	0.0	0.0	0.0	15.0	10.1e-6	977.0
0.005	1.006871637512574	1.67269574523484	0.0	0.0	0.0	15.25	10.1e-6	977.0
0.005	1.0080091240654914	1.6745639843017506	0.0	0.0	0.0	15.25	10.1e-6	977.0
0.005	0.9927739915214063	1.675237651696542	0.0	0.0	0.0	15.25	10.1e-6	977.0
0.005	1.0081358754827423	1.678487500958425	0.0	0.0	0.0	15.25	10.1e-6	977.0
0.005	1.00254833162676	1.6783268796301214	0.0	0.0	0.0	15.25	10.1e-6	977.0
0.005	0.9934750652498471	1.6789306350347724	0.0	0.0	0.0	15.5	10.1e-6	977.0
0.005	0.9895475706240373	1.6713567283317874	0.0	0.0	0.0	15.5	10.1e-6	977.0
0.005	0.9906241664909001	1.676651223764267	0.0	0.0	0.0	15.5	10.1e-6	977.0
0.005	0.9869524136209666	1.6779804338129487	0.0	0.0	0.0	15.5	10.1e-6	977.0
0.005	0.9973786111367193	1.6770652840611875	0.0	0.0	0.0	15.5	10.1e-6	977.0
0.005	1.0149163154543224	1.6778102272725979	0.0	0.0	0.0	15.75	10.1e-6	977.0
0.005	1.008336465719233	1.6714042480941154	0.0	0.0	0.0	15.75	10.1e-6	977.0
0.005	0.9818131877568449	1.671637197861514	0.0	0.0	0.0	15.75	10.1e-6	977.0
0.005	0.9925230358642171	1.6787003005144312	0.0	0.0	0.0	15.75	10.1e-6	977.0
0.005	1.0161690422516618	1.6751488218744006	0.0	0.0	0.0	15.75	10.1e-6	977.0
0.005	0.9844666389619408	1.6753546484262751	0.0	0.0	0.0	16.0	10.1e-6	977.0
0.005	1.0080229487017711	1.6714827359397038	0.0	0.0	0.0	16.0	10.1e-6	977.0
0.005	0.9879550985923313	1.6752937650474196	0.0	0.0	0.0	16.0	10.1e-6	977.0
0.005	0.9806658397285838	1.6798155891865387	0.0	0.0	0.0	16.0	10.1e-6	977.0
0.005	0.9849282968563686	1.671010313184979	0.0	0.0	0.0	16.0	10.1e-6	977.0
0.005	1.0096023504328433	1.678812155917591	0.0	0.0	0.0	16.25	10.1e-6	977.0
0.005	1.013573835132298	1.6724355697235	0.0	0.0	0.0	16.25	10.1e-6	977.0
0.005	0.9973340919581324	1.67632197741367	0.0	0.0	0.0	16.25	10.1e-6	977.0
0.005	1.012786685299651	1.6705535630944515	0.0	0.0	0.0	16.25	10.1e-6	977.0
0.005	1.019036302381782	1.6771683488936433	0.0	0.0	0.0	16.25	10.1e-6	977.0
0.005	0.9917841902007531	1.6778854623856085	0.0	0.0	0.0	16.5	10.1e-6	977.0
0.005	1.0003998656828543	1.6701092117949128	0.0	0.0	0.0	16.5	10.1e-6	977.0
0.005	0.9926513547076294	1.6772892260383792	0.0	0.0	0.0	16.5	10.1e-6	977.0
0.005	1.019234412901056	1.674137494785157	0.0	0.0	0.0	16.5	10.1e-6	977.0
0.005	1.0015650270017988	1.6764437968908468	0.0	0.0	0.0	16.5	10.1e-6	977.0
0.005	1.0006426499075152	1.6728943372929543	0.0	0.0	0.0	16.75	10.1e-6	977.0
0.005	0.9935399390843167	1.6724561207752284	0.0	0.0	0.0	16.75	10.1e-6	977.0
0.005	0.995651584680889	1.6709033021360786	0.0	0.0	0.0	16.75	10.1e-6	977.0
0.005	0.9885416788509414	1.676979144034464	0.0	0.0	0.0	16.75	10.1e-6	977.0
0.005	1.0165774045954696	1.6740263098406618	0.0	0.0	0.0	16.75	10.1e-6	977.0
0.005	1.0038864298625334	1.6747605142339494	0.0	0.0	0.0	17.0	10.1e-6	977.0
0.005	0.9998070979560335	1.6768417713720847	0.0	0.0	0.0	17.0	10.1e-6	977.0
0.005	0.9852397819557066	1.670384177528373	0.0	0.0	0.0	17.0	10.1e-6	977.0
0.005	1.002499811759094	1.6746848791024043	0.0	0.0	0.0	17.0	10.1e-6	977.0
0.005	0.9948412042723271	1.6717243528863535	0.0	0.0	0.0	17.0	10.1e-6	977.0
0.005	1.018605874275285	1.6727149625424744	0.0	0.0	0.0	17.25	10.1e-6	977.0
0.005	1.0151922668498705	1.6773810401502065	0.0	0.0	0.0	17.25	10.1e-6	977.0
0.005	0.9870314822981279	1.678456532689339	0.0	0.0	0.0	17.25	10.1e-6	977.0
0.005	0.9862296616429985	1.6714079020668937	0.0	0.0	0.0	17.25	10.1e-6	977.0
0.005	0.9882938792586289	1.6749300858748777	0.0	0.0	0.0	17.25	10.1e-6	977.0
0.005	0.984354266176352	1.6754607717762668	0.0	0.0	0.0	20.0	10.1e-6	977.0
0.005	1.0172822108132182	1.6719192481192953	0.0	0.0	0.0	20.0	10.1e-6	977.0
0.005	0.9960514332386831	1.6768137850441391	0.0	0.0	0.0	20.0	10.1e-6	977.0
0.005	1.006085542569619	1.6717971480380553	0.0	0.0	0.0	20.0	10.1e-6	977.0
0.005	1.0060606142067476	1.6738463412523166	0.0	0.0	0.0	20.0	10.1e-6	977.0
0.005	1.0182821186954232	1.6713984924760987	0.0	0.0	0.0	20.25	10.1e-6	977.0
0.005	1.002784326765326	1.6729771256979034	0.0	0.0	0.0	20.25	10.1e-6	977.0
0.005	0.9801649255988198	1.671925246967124	0.0	0.0	0.0	20.25	10.1e-6	977.0
0.005	0.9883326297350999	1.6702240002823616	0.0	0.0	0.0	20.25	10.1e-6	977.0
0.005	0.9910536063253415	1.6792463085272025	0.0	0.0	0.0	20.25	10.1e-6	977.0
0.005	1.0153491373362382	1.6792859237635989	0.0	0.0	0.0	20.5	10.1e-6	977.0
0.005	0.9802310144245694	1.6760559455515214	0.0	0.0	0.0	20.5	10.1e-6	977.0
0.005	1.0188308079601824	1.6797050801962645	0.0	0.0	0.0	20.5	10.1e-6	977.0
0.005	1.0194221409690518	1.677851687327979	0.0	0.0	0.0	20.5	10.1e-6	977.0
0.005	1.0048689522754324	1.6771093794859253	0.0	0.0	0.0	20.5	10.1e-6	977.0
0.005	0.9920009369747197	1.6799862568198365	0.0	0.0	0.0	20.75	10.1e-6	977.0
0.005	1.0042484064284163	1.67701328532953	0.0	0.0	0.0	20.75	10.1e-6	977.0
0.005	0.9818893333458338	1.6721562903987999	0.0	0.0	0.0	20.75	10.1e-6	977.0
0.005	0.993417385246236	1.670706837489649	0.0	0.0	0.0	20.75	10.1e-6	977.0
0.005	0.9874851960838937	1.6700998317287945	0.0	0.0	0.0	20.75	10.1e-6	977.0
0.005	1.0024866350496733	1.6794250480043005	0.0	0.0	0.0	21.0	10.1e-6	977.0
0.005	0.9870410781612593	1.6715242044761913	0.0	0.0	0.0	21.0	10.1e-6	977.0
0.005	1.010581517930741	1.6750964689116048	0.0	0.0	0.0	21.0	10.1e-6	977.0
0.005	1.0015902390915767	1.6768968478113842	0.0	0.0	0.0	21.0	10.1e-6	977.0
0.005	1.0047004771626598	1.6768444174486363	0.0	0.0	0.0	21.0	10.1e-6	977.0
0.005	1.0114026129545965	1.6792054798857803	0.0	0.0	0.0	21.25	10.1e-6	977.0
0.005	1.010127280657105	1.6701373828081707	0.0	0.0	0.0	21.25	10.1e-6	977.0
0.005	0.9839494377980829	1.6720192178232143	0.0	0.0	0.0	21.25	10.1e-6	977.0
0.005	0.9939825440810104	1.6768832851366422	0.0	0.0	0.0	21.25	10.1e-6	977.0
0.005	0.9810320791829208	1.674687282901112	0.0	0.0	0.0	21.25	10.1e-6	977.0
0.005	1.0163166625664355	1.6759093095399284	0.0	0.0	0.0	21.5	10.1e-6	977.0
0.005	0.9803071410829421	1.6775539270271353	0.0	0.0	0.0	21.5	10.1e-6	977.0
0.005	1.004529767496297	1.6782221583217283	0.0	0.0	0.0	21.5	10.1e-6	977.0
0.005	1.0046673819206036	1.6792566751011961	0.0	0.0	0.0	21.5	10.1e-6	977.0
0.005	0.9812229843349943	1.6748003898133565	0.0	0.0	0.0	21.5	10.1e-6	977.0
0.005	1.017609652100117	1.6736069107810119	0.0	0.0	0.0	21.75	10.1e-6	977.0
0.005	1.0023182964080064	1.6779483716049648	0.0	0.0	0.0	21.75	10.1e-6	977.0
0.005	1.0072060495136725	1.6753862459815643	0.0	0.0	0.0	21.75	10.1e-6	977.0
0.005	1.000239405623348	1.6759915974975559	0.0	0.0	0.0	21.75	10.1e-6	977.0
0.005	0.9861620457326165	1.6792348636098118	0.0	0.0	0.0	21.75	10.1e-6	977.0
0.005	1.0054722469368493	1.6780636750527729	0.0	0.0	0.0	22.0	10.1e-6	977.0
0.005	1.0138724031876412	1.675347169972993	0.0	0.0	0.0	22.0	10.1e-6	977.0
0.005	1.0178816293920463	1.6766807510412869	0.0	0.0	0.0	22.0	10.1e-6	977.0
0.005	1.0038482832931457	1.67999976643024	0.0	0.0	0.0	22.0	10.1e-6	977.0
0.005	1.0099460514847434	1.678530442229739	0.0	0.0	0.0	22.0	10.1e-6	977.0
0.005	1.0104764818729606	1.6780974877698704	0.0	0.0	0.0	22.25	10.1e-6	977.0
0.005	0.9832712240004075	1.670238511642347	0.0	0.0	0.0	22.25	10.1e-6	977.0
0.005	0.9909240004648663	1.6719989306439218	0.0	0.0	0.0	22.25	10.1e-6	977.0
0.005	1.0191247902271552	1.6728695730834144	0.0	0.0	0.0	22.25	10.1e-6	977.0
0.005	0.9900371139792946	1.6772390219561315	0.0	0.0	0.0	22.25	10.1e-6	977.0
0.005	0.9876267076470284	1.6769333405785196	0.0	0.0	0.0	25.0	10.1e-6	977.0
0.005	0.9833430731478289	1.6794693792615436	0.0	0.0	0.0	25.0	10.1e-6	977.0
0.005	0.9920725612429591	1.6741287904238134	0.0	0.0	0.0	25.0	10.1e-6	977.0
0.005	1.0028014014220217	1.6704314567748524	0.0	0.0	0.0	25.0	10.1e-6	977.0
0.005	1.0093623917365775	1.6755250752058573	0.0	0.0	0.0	25.0	10.1e-6	977.0
0.005	1.017472038525525	1.6706463503941498	0.0	0.0	0.0	25.25	10.1e-6	977.0
0.005	1.0055563127776341	1.6754891883170502	0.0	0.0	0.0	25.25	10.1e-6	977.0
0.005	1.0060293134929825	1.6717635043822237	0.0	0.0	0.0	25.25	10.1e-6	977.0
0.005	0.9939142757931989	1.6795588224261933	0.0	0.0	0.0	25.25	10.1e-6	977.0
0.005	0.9877184186918686	1.673850334009842	0.0	0.0	0.0	25.25	10.1e-6	977.0
0.005	0.999584063213579	1.6757539970041475	0.0	0.0	0.0	25.5	10.1e-6	977.0
0.005	0.9966016422470603	1.6771769855858067	0.0	0.0	0.0	25.5	10.1e-6	977.0
0.005	1.00325518587055	1.6719386653068096	0.0	0.0	0.0	25.5	10.1e-6	977.0
0.005	1.0181983588413737	1.671221538387258	0.0	0.0	0.0	25.5	10.1e-6	977.0
0.005	0.9895128975096814	1.6771212706795926	0.0	0.0	0.0	25.5	10.1e-6	977.0
0.005	1.0189137140451026	1.6716458430648722	0.0	0.0	0.0	25.75	10.1e-6	977.0
0.005	0.9986102035416399	1.679214880953713	0.0	0.0	0.0	25.75	10.1e-6	977.0
0.005	1.0108653919424995	1.6737915961468934	0.0	0.0	0.0	25.75	10.1e-6	977.0
0.005	1.017150763594679	1.6772395013626324	0.0	0.0	0.0	25.75	10.1e-6	977.0
0.005	1.0089371240946552	1.6747236091179827	0.0	0.0	0.0	25.75	10.1e-6	977.0
0.005	0.9819505415950414	1.6723494013112563	0.0	0.0	0.0	26.0	10.1e-6	977.0
0.005	1.0060072603305892	1.6792755172280798	0.0	0.0	0.0	26.0	10.1e-6	977.0
0.005	1.0069788413559	1.6704092129192694	0.0	0.0	0.0	26.0	10.1e-6	977.0
0.005	0.9940338250053204	1.6719662685707881	0.0	0.0	0.0	26.0	10.1e-6	977.0
0.005	0.9812464060110604	1.676196765078951	0.0	0.0	0.0	26.0	10.1e-6	977.0
0.005	0.9980046151118191	1.674884080051195	0.0	0.0	0.0	26.25	10.1e-6	977.0
0.005	1.01465480617328	1.6710874706848275	0.0	0.0	0.0	26.25	10.1e-6	977.0
0.005	0.9923524975719369	1.6753284478272055	0.0	0.0	0.0	26.25	10.1e-6	977.0
0.005	0.9957097288061205	1.6716236090875678	0.0	0.0	0.0	26.25	10.1e-6	977.0
0.005	0.9957170773608707	1.6717375607330172	0.0	0.0	0.0	26.25	10.1e-6	977.0
0.005	0.9879088195752179	1.6746071638653384	0.0	0.0	0.0	26.5	10.1e-6	977.0
0.005	1.005880094851475	1.6736317561865475	0.0	0.0	0.0	26.5	10.1e-6	977.0
0.005	1.0079404835574983	1.6761512360539994	0.0	0.0	0.0	26.5	10.1e-6	977.0
0.005	0.9890231677706771	1.6770847405054004	0.0	0.0	0.0	26.5	10.1e-6	977.0
0.005	0.9931662314219875	1.6704542180711421	0.0	0.0	0.0	26.5	10.1e-6	977.0
0.005	1.002692848132914	1.671669434205579	0.0	0.0	0.0	26.75	10.1e-6	977.0
0.005	1.0064706010719426	1.677107225615689	0.0	0.0	0.0	26.75	10.1e-6	977.0
0.005	1.007484424710792	1.674867560356344	0.0	0.0	0.0	26.75	10.1e-6	977.0
0.005	1.0015011591264193	1.671350207725451	0.0	0.0	0.0	26.75	10.1e-6	977.0
0.005	1.0120110258776365	1.673330097187604	0.0	0.0	0.0	26.75	10.1e-6	977.0
0.005	0.9884383993135857	1.6777835638851286	0.0	0.0	0.0	27.0	10.1e-6	977.0
0.005	1.0034624888617096	1.673529624226979	0.0	0.0	0.0	27.0	10.1e-6	977.0
0.005	1.0111821393022549	1.676382948670777	0.0	0.0	0.0	27.0	10.1e-6	977.0
0.005	1.003528538888943	1.6729193757870102	0.0	0.0	0.0	27.0	10.1e-6	977.0
0.005	1.0016484588966783	1.6721817900784792	0.0	0.0	0.0	27.0	10.1e-6	977.0
0.005	0.9954561972305453	1.6723963491137797	0.0	0.0	0.0	27.25	10.1e-6	977.0
0.005	0.9822939578446407	1.6761305426217803	0.0	0.0	0.0	27.25	10.1e-6	977.0
0.005	0.9887123274490467	1.6752177930110381	0.0	0.0	0.0	27.25	10.1e-6	977.0
0.005	0.9854431167828669	1.6787225817610367	0.0	0.0	0.0	27.25	10.1e-6	977.0
0.005	1.0133347936243544	1.6769260071909426	0.0	0.0	0.0	27.25	10.1e-6	977.0
0.005	1.0102700147719728	1.6737307288788261	0.0	0.0	0.0	30.0	10.1e-6	977.0
0.005	1.0199212378433462	1.6754214809284491	0.0	0.0	0.0	30.0	10.1e-6	977.0
0.005	0.98563407523324	1.6764446096665158	0.0	0.0	0.0	30.0	10.1e-6	977.0
0.005	0.9927499482173178	1.6732370411052395	0.0	0.0	0.0	30.0	10.1e-6	977.0
0.005	0.9869506621770354	1.6786245241142437	0.0	0.0	0.0	30.0	10.1e-6	977.0
0.005	0.9928852522299844	1.6785892791680368	0.0	0.0	0.0	30.25	10.1e-6	977.0
0.005	0.9881347280529266	1.6712724229022973	0.0	0.0	0.0	30.25	10.1e-6	977.0
0.005	0.9926636963316827	1.6733033421219947	0.0	0.0	0.0	30.25	10.1e-6	977.0
0.005	0.9971927363216017	1.6742880488938616	0.0	0.0	0.0	30.25	10.1e-6	977.0
0.005	0.9952794832247325	1.6719193598265145	0.0	0.0	0.0	30.25	10.1e-6	977.0
0.005	1.0095428262064114	1.6730429741763033	0.0	0.0	0.0	30.5	10.1e-6	977.0
0.005	0.9967846604247957	1.6784534088518024	0.0	0.0	0.0	30.5	10.1e-6	977.0
0.005	0.9896966651161045	1.6740533232129744	0.0	0.0	0.0	30.5	10.1e-6	977.0
0.005	0.9865022483376494	1.6724238371502944	0.0	0.0	0.0	30.5	10.1e-6	977.0
0.005	1.0153860246617208	1.6768845765090472	0.0	0.0	0.0	30.5	10.1e-6	977.0
0.005	0.992377588149493	1.676129154800256	0.0	0.0	0.0	30.75	10.1e-6	977.0
0.005	1.0188087508133432	1.6791503958846272	0.0	0.0	0.0	30.75	10.1e-6	977.0
0.005	1.0034095480985026	1.6768195009232696	0.0	0.0	0.0	30.75	10.1e-6	977.0
0.005	1.018626803441753	1.6785319659726385	0.0	0.0	0.0	30.75	10.1e-6	977.0
0.005	1.0006181716720592	1.6708051281985952	0.0	0.0	0.0	30.75	10.1e-6	977.0
0.005	1.002586219669448	1.6744028882634618	0.0	0.0	0.0	31.0	10.1e-6	977.0
0.005	0.9952128441442395	1.671747665621872	0.0	0.0	0.0	31.0	10.1e-6	977.0
0.005	0.9974593301845692	1.6733824007855653	0.0	0.0	0.0	31.0	10.1e-6	977.0
0.005	0.9892239482402849	1.6779684600520097	0.0	0.0	0.0	31.0	10.1e-6	977.0
0.005	0.9908545857329041	1.6748409401000999	0.0	0.0	0.0	31.0	10.1e-6	977.0
0.005	1.0168396590978366	1.6791469927960745	0.0	0.0	0.0	31.25	10.1e-6	977.0
0.005	1.0187336073352742	1.6719340406972238	0.0	0.0	0.0	31.25	10.1e-6	977.0
0.005	1.0043053334151142	1.679545848950159	0.0	0.0	0.0	31.25	10.1e-6	977.0
0.005	0.9847559938343862	1.671134057243603	0.0	0.0	0.0	31.25	10.1e-6	977.0
0.005	0.9840720045304759	1.6778152728002755	0.0	0.0	0.0	31.25	10.1e-6	977.0
0.005	1.0059877395337964	1.6792753090713541	0.0	0.0	0.0	31.5	10.1e-6	977.0
0.005	0.9825499551163709	1.6701618207268385	0.0	0.0	0.0	31.5	10.1e-6	977.0
0.005	1.017514304427971	1.6732117845199599	0.0	0.0	0.0	31.5	10.1e-6	977.0
0.005	0.9802273337759387	1.6722716242766882	0.0	0.0	0.0	31.5	10.1e-6	977.0
0.005	0.9869390926687992	1.670823124891833	0.0	0.0	0.0	31.5	10.1e-6	977.0
0.005	1.0056053167922785	1.6770769271044117	0.0	0.0	0.0	31.75	10.1e-6	977.0
0.005	1.0016033960875834	1.6718740928285307	0.0	0.0	0.0	31.75	10.1e-6	977.0
0.005	0.9983118688006629	1.6761100897488448	0.0	0.0	0.0	31.75	10.1e-6	977.0
0.005	1.0161812713996365	1.6786663889510418	0.0	0.0	0.0	31.75	10.1e-6	977.0
0.005	1.005270444124477	1.6780826864701408	0.0	0.0	0.0	31.75	10.1e-6	977.0
0.005	1.0127565544848645	1.6768961906434576	0.0	0.0	0.0	32.0	10.1e-6	977.0
0.005	0.9839865648212034	1.673352317873487	0.0	0.0	0.0	32.0	10.1e-6	977.0
0.005	0.9937362137949799	1.673107775584524	0.0	0.0	0.0	32.0	10.1e-6	977.0
0.005	0.9986910004416711	1.67612785221698	0.0	0.0	0.0	32.0	10.1e-6	977.0
0.005	1.0151318357654577	1.6755898937155527	0.0	0.0	0.0	32.0	10.1e-6	977.0
0.005	0.9994888934824362	1.6799922240519332	0.0	0.0	0.0	32.25	10.1e-6	977.0
0.005	1.012393742495837	1.6744407869993272	0.0	0.0	0.0	32.25	10.1e-6	977.0
0.005	0.9984637462677951	1.67128414695209	0.0	0.0	0.0	32.25	10.1e-6	977.0
0.005	1.0193843475985085	1.6745182800693728	0.0	0.0	0.0	32.25	10.1e-6	977.0
0.005	0.9945078009444692	1.671725557953292	0.0	0.0	0.0	32.25	10.1e-6	977.0
0.005	1.0124591132902758	1.672375421709967	0.0	0.0	0.0	35.0	10.1e-6	977.0
0.005	1.011274963325577	1.6793498820452817	0.0	0.0	0.0	35.0	10.1e-6	977.0
0.005	1.0161593468324244	1.6799030721016257	0.0	0.0	0.0	35.0	10.1e-6	977.0
0.005	0.9860536715662112	1.6779897012887388	0.0	0.0	0.0	35.0	10.1e-6	977.0
0.005	0.9905159787325654	1.6711056830367041	0.0	0.0	0.0	35.0	10.1e-6	977.0
0.005	1.0154872445167005	1.6799043399203697	0.0	0.0	0.0	35.25	10.1e-6	977.0
0.005	0.9953485380480941	1.6750534963740817	0.0	0.0	0.0	35.25	10.1e-6	977.0
0.005	1.0115663203339977	1.6764712090739082	0.0	0.0	0.0	35.25	10.1e-6	977.0
0.005	0.981104533246989	1.6780554352452002	0.0	0.0	0.0	35.25	10.1e-6	977.0
0.005	0.9920150370402916	1.6714243742342152	0.0	0.0	0.0	35.25	10.1e-6	977.0
0.005	0.9951893388409571	1.6742130913317375	0.0	0.0	0.0	35.5	10.1e-6	977.0
0.005	0.9895206457650851	1.6728742087109927	0.0	0.0	0.0	35.5	10.1e-6	977.0
0.005	1.0159359425356012	1.672979390539742	0.0	0.0	0.0	35.5	10.1e-6	977.0
0.005	0.9972979326525201	1.6729295024642468	0.0	0.0	0.0	35.5	10.1e-6	977.0
0.005	0.9992232970984211	1.670897639684482	0.0	0.0	0.0	35.5	10.1e-6	977.0
0.005	0.9896925318905714	1.6739570213175485	0.0	0.0	0.0	35.75	10.1e-6	977.0
0.005	0.9842370686527238	1.6766399323232168	0.0	0.0	0.0	35.75	10.1e-6	977.0
0.005	0.9858311305314117	1.675910898814439	0.0	0.0	0.0	35.75	10.1e-6	977.0
0.005	0.9871731176521108	1.67288523124559	0.0	0.0	0.0	35.75	10.1e-6	977.0
0.005	0.9908462990153435	1.6791675275244946	0.0	0.0	0.0	35.75	10.1e-6	977.0
0.005	1.008449117413912	1.6781744529201335	0.0	0.0	0.0	36.0	10.1e-6	977.0
0.005	0.9977459982798003	1.678233816043431	0.0	0.0	0.0	36.0	10.1e-6	977.0
0.005	0.9909740264871613	1.6744258284363704	0.0	0.0	0.0	36.0	10.1e-6	977.0
0.005	1.0083494582674628	1.672449638819589	0.0	0.0	0.0	36.0	10.1e-6	977.0
0.005	0.9820549088845051	1.679109718117821	0.0	0.0	0.0	36.0	10.1e-6	977.0
0.005	1.0098288021553878	1.6710266213243934	0.0	0.0	0.0	36.25	10.1e-6	977.0
0.005	1.004570879128552	1.6752912661549637	0.0	0.0	0.0	36.25	10.1e-6	977.0
0.005	0.9999868986082504	1.6735173100006364	0.0	0.0	0.0	36.25	10.1e-6	977.0
0.005	1.0184423919971815	1.673215604125571	0.0	0.0	0.0	36.25	10.1e-6	977.0
0.005	1.0098888455051318	1.677941645941603	0.0	0.0	0.0	36.25	10.1e-6	977.0
0.005	0.9853550021951183	1.6760899909538227	0.0	0.0	0.0	36.5	10.1e-6	977.0
0.005	0.9916758863873347	1.6716375452484542	0.0	0.0	0.0	36.5	10.1e-6	977.0
0.005	0.9870939081491376	1.6762861524537966	0.0	0.0	0.0	36.5	10.1e-6	977.0
0.005	0.9870844642298882	1.67251789798361	0.0	0.0	0.0	36.5	10.1e-6	977.0
0.005	0.9904080818772467	1.6718032618704095	0.0	0.0	0.0	36.5	10.1e-6	977.0
0.005	0.9821458798807843	1.6765044758307828	0.0	0.0	0.0	36.75	10.1e-6	977.0
0.005	0.9977810375346863	1.6780990315956692	0.0	0.0	0.0	36.75	10.1e-6	977.0
0.005	1.0113164784292896	1.674578354295325	0.0	0.0	0.0	36.75	10.1e-6	977.0
0.005	0.9935653627646106	1.678699747581954	0.0	0.0	0.0	36.75	10.1e-6	977.0
0.005	1.0173562518796204	1.67380707688862	0.0	0.0	0.0	36.75	10.1e-6	977.0
0.005	0.9939838874769382	1.6749374394863903	0.0	0.0	0.0	37.0	10.1e-6	977.0
0.005	1.0048769535557538	1.6776517706450673	0.0	0.0	0.0	37.0	10.1e-6	977.0
0.005	1.014101618196367	1.676745774074706	0.0	0.0	0.0	37.0	10.1e-6	977.0
0.005	0.9838589247134143	1.6702034400025283	0.0	0.0	0.0	37.0	10.1e-6	977.0
0.005	0.9941343941325007	1.6735524495271632	0.0	0.0	0.0	37.0	10.1e-6	977.0
0.005	1.0071161953599475	1.6752365478492288	0.0	0.0	0.0	37.25	10.1e-6	977.0
0.005	0.9911408042204733	1.678189765711797	0.0	0.0	0.0	37.25	10.1e-6	977.0
0.005	0.9851487711715453	1.6791430076879987	0.0	0.0	0.0	37.25	10.1e-6	977.0
0.005	1.0138739831029793	1.6782826644158064	0.0	0.0	0.0	37.25	10.1e-6	977.0
0.005	1.0195733994877976	1.672322993738651	0.0	0.0	0.0	37.25	10.1e-6	977.0
0.005	1.019977131964177	1.6725064970918688	0.0	0.0	0.0	40.0	10.1e-6	977.0
0.005	1.0117396048492873	1.6766901826217733	0.0	0.0	0.0	40.0	10.1e-6	977.0
0.005	1.0130614125634798	1.6708366712709324	0.0	0.0	0.0	40.0	10.1e-6	977.0
0.005	0.9934366263827931	1.672302380728843	0.0	0.0	0.0	40.0	10.1e-6	977.0
0.005	1.011583444763674	1.6755726210880195	0.0	0.0	0.0	40.0	10.1e-6	977.0
0.005	1.0022654457816784	1.677079922031352	0.0	0.0	0.0	40.25	10.1e-6	977.0
0.005	1.0173190461652628	1.6719216571559727	0.0	0.0	0.0	40.25	10.1e-6	977.0
0.005	0.9980299043820959	1.6767514506705345	0.0	0.0	0.0	40.25	10.1e-6	977.0
0.005	1.0122441575462957	1.6712882543754883	0.0	0.0	0.0	40.25	10.1e-6	977.0
0.005	1.0036951588566592	1.6794792644582326	0.0	0.0	0.0	40.25	10.1e-6	977.0
0.005	0.9924390770357266	1.674955825329315	0.0	0.0	0.0	40.5	10.1e-6	977.0
0.005	0.9898451804976646	1.677712334789318	0.0	0.0	0.0	40.5	10.1e-6	977.0
0.005	1.0081839448345824	1.671904013937325	0.0	0.0	0.0	40.5	10.1e-6	977.0
0.005	1.0196023437387889	1.6751298097588767	0.0	0.0	0.0	40.5	10.1e-6	977.0
0.005	0.9840577073688221	1.6732782722268311	0.0	0.0	0.0	40.5	10.1e-6	977.0
0.005	1.0196599936419117	1.6757373427309754	0.0	0.0	0.0	40.75	10.1e-6	977.0
0.005	0.9959387549210632	1.6742266302782804	0.0	0.0	0.0	40.75	10.1e-6	977.0
0.005	0.992267459344674	1.6703204434264451	0.0	0.0	0.0	40.75	10.1e-6	977.0
0.005	0.9996235113519796	1.6762981566079973	0.0	0.0	0.0	40.75	10.1e-6	977.0
0.005	0.9870261663545764	1.679928132848707	0.0	0.0	0.0	40.75	10.1e-6	977.0
0.005	0.9802824502635032	1.6789024716157048	0.0	0.0	0.0	41.0	10.1e-6	977.0
0.005	0.985181933620034	1.6730438378467936	0.0	0.0	0.0	41.0	10.1e-6	977.0
0.005	1.0063311650590332	1.6742180998825167	0.0	0.0	0.0	41.0	10.1e-6	977.0
0.005	0.9889150327624433	1.6783809277589061	0.0	0.0	0.0	41.0	10.1e-6	977.0
0.005	0.9989719471160362	1.6760533007806673	0.0	0.0	0.0	41.0	10.1e-6	977.0
0.005	0.9825952082759042	1.676442624511459	0.0	0.0	0.0	41.25	10.1e-6	977.0
0.005	1.005066635534318	1.670754222025255	0.0	0.0	0.0	41.25	10.1e-6	977.0
0.005	1.002960143048694	1.6766518816156515	0.0	0.0	0.0	41.25	10.1e-6	977.0
0.005	0.9952088354763435	1.6701856771431352	0.0	0.0	0.0	41.25	10.1e-6	977.0
0.005	0.9977228480461533	1.6722417002886725	0.0	0.0	0.0	41.25	10.1e-6	977.0
0.005	0.9847490393789202	1.673835718754005	0.0	0.0	0.0	41.5	10.1e-6	977.0
0.005	1.0176926758821767	1.677246784317853	0.0	0.0	0.0	41.5	10.1e-6	977.0
0.005	1.016970846699788	1.6732429967403928	0.0	0.0	0.0	41.5	10.1e-6	977.0
0.005	1.0047240776908464	1.6713592837577447	0.0	0.0	0.0	41.5	10.1e-6	977.0
0.005	0.9905152053782551	1.6710773459984125	0.0	0.0	0.0	41.5	10.1e-6	977.0
0.005	1.013982347179823	1.6768982858361021	0.0	0.0	0.0	41.75	10.1e-6	977.0
0.005	1.0071439417397197	1.676548486716957	0.0	0.0	0.0	41.75	10.1e-6	977.0
0.005	1.0146932069958714	1.6797245696794767	0.0	0.0	0.0	41.75	10.1e-6	977.0
0.005	1.008284725223624	1.6751078032969946	0.0	0.0	0.0	41.75	10.1e-6	977.0
0.005	1.0097724069540754	1.6751858805875848	0.0	0.0	0.0	41.75	10.1e-6	977.0
0.005	1.0058272160909276	1.6709982719347185	0.0	0.0	0.0	42.0	10.1e-6	977.0
0.005	0.9884058862215117	1.6756521911319222	0.0	0.0	0.0	42.0	10.1e-6	977.0
0.005	1.016924800552053	1.679293015801475	0.0	0.0	0.0	42.0	10.1e-6	977.0
0.005	0.9845387520482416	1.6740061995699238	0.0	0.0	0.0	42.0	10.1e-6	977.0
0.005	1.0117066414163631	1.6751911132435768	0.0	0.0	0.0	42.0	10.1e-6	977.0
0.005	0.9962473149734353	1.6720765482250566	0.0	0.0	0.0	42.25	10.1e-6	977.0
0.005	0.9935547477334337	1.6727221181187593	0.0	0.0	0.0	42.25	10.1e-6	977.0
0.005	1.0192416705978617	1.6740368743631302	0.0	0.0	0.0	42.25	10.1e-6	977.0
0.005	1.0018998886270132	1.6723996178863207	0.0	0.0	0.0	42.25	10.1e-6	977.0
0.005	1.0187925039184367	1.6766709176959618	0.0	0.0	0.0	42.25	10.1e-6	977.0
0.005	1.0127973718907122	1.6747553465273135	0.0	0.0	0.0	45.0	10.1e-6	977.0
0.005	0.9802786139699748	1.6793942002066806	0.0	0.0	0.0	45.0	10.1e-6	977.0
0.005	1.0077942003438545	1.6725750304575167	0.0	0.0	0.0	45.0	10.1e-6	977.0
0.005	0.9971330107454229	1.673083335058433	0.0	0.0	0.0	45.0	10.1e-6	977.0
0.005	0.9819793292778027	1.6754288749985882	0.0	0.0	0.0	45.0	10.1e-6	977.0
0.005	1.003272500618028	1.6737926464365593	0.0	0.0	0.0	45.25	10.1e-6	977.0
0.005	0.987033702529991	1.674669685372815	0.0	0.0	0.0	45.25	10.1e-6	977.0
0.005	0.9826731861558075	1.6711492537820096	0.0	0.0	0.0	45.25	10.1e-6	977.0
0.005	1.0112235329978874	1.671582550253898	0.0	0.0	0.0	45.25	10.1e-6	977.0
0.005	0.9834485630458337	1.6750647610948939	0.0	0.0	0.0	45.25	10.1e-6	977.0
0.005	0.9831217529411849	1.6794545696012702	0.0	0.0	0.0	45.5	10.1e-6	977.0
0.005	1.0122041817120615	1.677285232642132	0.0	0.0	0.0	45.5	10.1e-6	977.0
0.005	1.0018360664949837	1.6733291472029281	0.0	0.0	0.0	45.5	10.1e-6	977.0
0.005	0.998099892987598	1.676104479283591	0.0	0.0	0.0	45.5	10.1e-6	977.0
0.005	1.0155311638470808	1.6743315395516054	0.0	0.0	0.0	45.5	10.1e-6	977.0
0.005	0.9828188118805085	1.674796483881949	0.0	0.0	0.0	45.75	10.1e-6	977.0
0.005	0.9836399882233516	1.675104317698134	0.0	0.0	0.0	45.75	10.1e-6	977.0
0.005	1.0095391729291292	1.6708524145867527	0.0	0.0	0.0	45.75	10.1e-6	977.0
0.005	1.0018526839362236	1.6798161589863163	0.0	0.0	0.0	45.75	10.1e-6	977.0
0.005	0.9915308397164583	1.67831600380383	0.0	0.0	0.0	45.75	10.1e-6	977.0
0.005	1.0185896143594018	1.676419992052388	0.0	0.0	0.0	46.0	10.1e-6	977.0
0.005	1.0089423510601059	1.6773535367320782	0.0	0.0	0.0	46.0	10.1e-6	977.0
0.005	0.9972530232513412	1.670830811211047	0.0	0.0	0.0	46.0	10.1e-6	977.0
0.005	1.007858059454894	1.6704690687907158	0.0	0.0	0.0	46.0	10.1e-6	977.0
0.005	1.0188961876626994	1.676276008400039	0.0	0.0	0.0	46.0	10.1e-6	977.0
0.005	1.0069521672890918	1.6713483570988086	0.0	0.0	0.0	46.25	10.1e-6	977.0
0.005	0.9885360480020725	1.6785884037274375	0.0	0.0	0.0	46.25	10.1e-6	977.0
0.005	0.9825859614040364	1.6722009977131918	0.0	0.0	0.0	46.25	10.1e-6	977.0
0.005	1.0135968037495193	1.6757365621704414	0.0	0.0	0.0	46.25	10.1e-6	977.0
0.005	0.9904474423042978	1.6715394591205157	0.0	0.0	0.0	46.25	10.1e-6	977.0
0.005	0.9977587116871726	1.6765655982627077	0.0	0.0	0.0	46.5	10.1e-6	977.0
0.005	0.9859317352086121	1.6770013950164875	0.0	0.0	0.0	46.5	10.1e-6	977.0
0.005	1.0009637559446645	1.6720003838380288	0.0	0.0	0.0	46.5	10.1e-6	977.0
0.005	0.9969756469153637	1.6725647838609214	0.0	0.0	0.0	46.5	10.1e-6	977.0
0.005	0.985274590391625	1.6753532862689804	0.0	0.0	0.0	46.5	10.1e-6	977.0
0.005	0.992648183152434	1.6747806509495469	0.0	0.0	0.0	46.75	10.1e-6	977.0
0.005	1.016345947377186	1.6736199470419852	0.0	0.0	0.0	46.75	10.1e-6	977.0
0.005	0.9934134935657626	1.6719516758572777	0.0	0.0	0.0	46.75	10.1e-6	977.0
0.005	1.0046173138468737	1.678229416644116	0.0	0.0	0.0	46.75	10.1e-6	977.0
0.005	1.015943975500657	1.6758327649570934	0.0	0.0	0.0	46.75	10.1e-6	977.0
0.005	0.9891496292249058	1.6774195472497229	0.0	0.0	0.0	47.0	10.1e-6	977.0
0.005	1.001021695166809	1.6763301151388217	0.0	0.0	0.0	47.0	10.1e-6	977.0
0.005	0.9928270523431862	1.6739683303792503	0.0	0.0	0.0	47.0	10.1e-6	977.0
0.005	0.983953136759403	1.6783546054827856	0.0	0.0	0.0	47.0	10.1e-6	977.0
0.005	1.0010561407042777	1.6725675904509456	0.0	0.0	0.0	47.0	10.1e-6	977.0
0.005	1.0172561509334486	1.6749861368827792	0.0	0.0	0.0	47.25	10.1e-6	977.0
0.005	0.9880847903945483	1.676552756545613	0.0	0.0	0.0	47.25	10.1e-6	977.0
0.005	1.0193802966468999	1.6744508270642533	0.0	0.0	0.0	47.25	10.1e-6	977.0
0.005	1.0015389707830396	1.6743673691543743	0.0	0.0	0.0	47.25	10.1e-6	977.0
0.005	0.9973602234584649	1.6775974485776897	0.0	0.0	0.0	47.25	10.1e-6	977.0
0.005	0.9904201399136674	1.6717951380568763	0.0	0.0	0.0	50.0	10.1e-6	977.0
0.005	1.0023731358701415	1.6719716002275558	0.0	0.0	0.0	50.0	10.1e-6	977.0
0.005	1.0129424081022647	1.679362153461226	0.0	0.0	0.0	50.0	10.1e-6	977.0
0.005	1.0134261710070551	1.6741272416657742	0.0	0.0	0.0	50.0	10.1e-6	977.0
0.005	0.9850747207551847	1.6737396145011958	0.0	0.0	0.0	50.0	10.1e-6	977.0
0.005	0.9955964039393559	1.6785401377309126	0.0	0.0	0.0	50.25	10.1e-6	977.0
0.005	1.013946223616116	1.6762638414778523	0.0	0.0	0.0	50.25	10.1e-6	977.0
0.005	1.013138280981121	1.6721613366633674	0.0	0.0	0.0	50.25	10.1e-6	977.0
0.005	1.0046941707960757	1.6747298171546425	0.0	0.0	0.0	50.25	10.1e-6	977.0
0.005	0.9829133465666913	1.677839105835348	0.0	0.0	0.0	50.25	10.1e-6	977.0
0.005	0.9997537108692236	1.6772888071907353	0.0	0.0	0.0	50.5	10.1e-6	977.0
0.005	0.9853970349683994	1.676662242403989	0.0	0.0	0.0	50.5	10.1e-6	977.0
0.005	0.9998431841843703	1.6764269666348957	0.0	0.0	0.0	50.5	10.1e-6	977.0
0.005	1.0189697117575736	1.679612261670595	0.0	0.0	0.0	50.5	10.1e-6	977.0
0.005	0.9917068182059272	1.6795227589801245	0.0	0.0	0.0	50.5	10.1e-6	977.0
0.005	0.9815347982759798	1.6732628759306214	0.0	0.0	0.0	50.75	10.1e-6	977.0
0.005	0.9865305557631706	1.6799003869126004	0.0	0.0	0.0	50.75	10.1e-6	977.0
0.005	1.0130052379460661	1.6744508505087499	0.0	0.0	0.0	50.75	10.1e-6	977.0
0.005	0.9997715592816693	1.6736023482717919	0.0	0.0	0.0	50.75	10.1e-6	977.0
0.005	0.9973237885799151	1.6740524629000548	0.0	0.0	0.0	50.75	10.1e-6	977.0
0.005	1.003526125833732	1.6710926750799784	0.0	0.0	0.0	51.0	10.1e-6	977.0
0.005	1.0055217980825721	1.6791914762859597	0.0	0.0	0.0	51.0	10.1e-6	977.0
0.005	1.012453832583037	1.6740157376135425	0.0	0.0	0.0	51.0	10.1e-6	977.0
0.005	0.9872207163907897	1.6767093400281199	0.0	0.0	0.0	51.0	10.1e-6	977.0
0.005	1.0096519526870174	1.672797970575185	0.0	0.0	0.0	51.0	10.1e-6	977.0
0.005	0.9978390513686969	1.6727502772965204	0.0	0.0	0.0	51.25	10.1e-6	977.0
0.005	1.0053172415721976	1.6785589032535027	0.0	0.0	0.0	51.25	10.1e-6	977.0
0.005	0.9929775773466596	1.6794651011524928	0.0	0.0	0.0	51.25	10.1e-6	977.0
0.005	1.0006010891044388	1.6770480177724723	0.0	0.0	0.0	51.25	10.1e-6	977.0
0.005	1.0035718886228047	1.6746684795503577	0.0	0.0	0.0	51.25	10.1e-6	977.0
0.005	1.016576408524072	1.6724008470207907	0.0	0.0	0.0	51.5	10.1e-6	977.0
0.005	1.016968532667182	1.6714176400209588	0.0	0.0	0.0	51.5	10.1e-6	977.0
0.005	1.0085787263801838	1.6716508063116449	0.0	0.0	0.0	51.5	10.1e-6	977.0
0.005	1.0146800939037601	1.6735781806029444	0.0	0.0	0.0	51.5	10.1e-6	977.0
0.005	1.0053909256177271	1.6739862553593245	0.0	0.0	0.0	51.5	10.1e-6	977.0
0.005	1.0062206627488282	1.679966337508548	0.0	0.0	0.0	51.75	10.1e-6	977.0
0.005	1.0012429312830913	1.677792819749024	0.0	0.0	0.0	51.75	10.1e-6	977.0
0.005	0.983414308700722	1.679064468635135	0.0	0.0	0.0	51.75	10.1e-6	977.0
0.005	0.9905298290795169	1.674433457205375	0.0	0.0	0.0	51.75	10.1e-6	977.0
0.005	1.0144983756314672	1.6798764034828	0.0	0.0	0.0	51.75	10.1e-6	977.0
0.005	1.0146734187428208	1.6746990396680415	0.0	0.0	0.0	52.0	10.1e-6	977.0
0.005	0.9809449851127765	1.67662389393012	0.0	0.0	0.0	52.0	10.1e-6	977.0
0.005	1.0173223451324607	1.6733469863475678	0.0	0.0	0.0	52.0	10.1e-6	977.0
0.005	1.0136125510179042	1.679047280236892	0.0	0.0	0.0	52.0	10.1e-6	977.0
0.005	0.9979650647481154	1.6764239411087531	0.0	0.0	0.0	52.0	10.1e-6	977.0
0.005	0.9857896978739977	1.6782735355519256	0.0	0.0	0.0	52.25	10.1e-6	977.0
0.005	0.988280574255522	1.6733299077336525	0.0	0.0	0.0	52.25	10.1e-6	977.0
0.005	0.9873214687569491	1.6749548437847495	0.0	0.0	0.0	52.25	10.1e-6	977.0
0.005	0.9937795685283607	1.6708739233355492	0.0	0.0	0.0	52.25	10.1e-6	977.0
0.005	0.9992643184456329	1.6772891136674477	0.0	0.0	0.0	52.25	10.1e-6	977.0
0.005	0.9932865297127563	1.6749098766158232	0.0	0.0	0.0	55.0	10.1e-6	977.0
0.005	0.9976163786318335	1.671792098964803	0.0	0.0	0.0	55.0	10.1e-6	977.0
0.005	1.0090148245316586	1.675096960355143	0.0	0.0	0.0	55.0	10.1e-6	977.0
0.005	1.0115423197584887	1.6757712732040726	0.0	0.0	0.0	55.0	10.1e-6	977.0
0.005	1.0074344597096339	1.6742278273880282	0.0	0.0	0.0	55.0	10.1e-6	977.0
0.005	1.0037125766982682	1.6748152578255087	0.0	0.0	0.0	55.25	10.1e-6	977.0
0.005	0.9974083678692708	1.6773604385482224	0.0	0.0	0.0	55.25	10.1e-6	977.0
0.005	0.9982495890335226	1.671434817745515	0.0	0.0	0.0	55.25	10.1e-6	977.0
0.005	0.9899743932137633	1.6790882983083342	0.0	0.0	0.0	55.25	10.1e-6	977.0
0.005	1.0043204988747945	1.6767208360774868	0.0	0.0	0.0	55.25	10.1e-6	977.0
0.005	1.0032061894939976	1.6720539206349905	0.0	0.0	0.0	55.5	10.1e-6	977.0
0.005	1.0146075774741943	1.677735770179923	0.0	0.0	0.0	55.5	10.1e-6	977.0
0.005	0.9817923935994176	1.674486163473295	0.0	0.0	0.0	55.5	10.1e-6	977.0
0.005	1.0094718765364046	1.673818685732728	0.0	0.0	0.0	55.5	10.1e-6	977.0
0.005	0.9894770518615397	1.6775353512483913	0.0	0.0	0.0	55.5	10.1e-6	977.0
0.005	1.0132584745807476	1.6769963231605245	0.0	0.0	0.0	55.75	10.1e-6	977.0
0.005	0.9911565748324231	1.6706417299279308	0.0	0.0	0.0	55.75	10.1e-6	977.0
0.005	1.0125150318442837	1.674906196550821	0.0	0.0	0.0	55.75	10.1e-6	977.0
0.005	1.0152435953438224	1.6734500303085604	0.0	0.0	0.0	55.75	10.1e-6	977.0
0.005	1.011635912887334	1.6750419891700978	0.0	0.0	0.0	55.75	10.1e-6	977.0
0.005	1.0017061260524267	1.6716686690239309	0.0	0.0	0.0	56.0	10.1e-6	977.0
0.005	0.9990607249768173	1.6760151081895858	0.0	0.0	0.0	56.0	10.1e-6	977.0
0.005	1.0062266595882876	1.6738594426717848	0.0	0.0	0.0	56.0	10.1e-6	977.0
0.005	1.0058693748256378	1.679972381698746	0.0	0.0	0.0	56.0	10.1e-6	977.0
0.005	0.9839351247396585	1.6714099447667623	0.0	0.0	0.0	56.0	10.1e-6	977.0
0.005	1.0112434905019174	1.6740153460116758	0.0	0.0	0.0	56.25	10.1e-6	977.0
0.005	0.9901614908217587	1.6774990289290395	0.0	0.0	0.0	56.25	10.1e-6	977.0
0.005	1.0043708915532659	1.6713071894288904	0.0	0.0	0.0	56.25	10.1e-6	977.0
0.005	1.0105367614444143	1.6729088021048222	0.0	0.0	0.0	56.25	10.1e-6	977.0
0.005	0.9996585840113231	1.6721676224788529	0.0	0.0	0.0	56.25	10.1e-6	977.0
0.005	1.008300504273986	1.6777610566437688	0.0	0.0	0.0	56.5	10.1e-6	977.0
0.005	0.9830667610411215	1.6761361771317556	0.0	0.0	0.0	56.5	10.1e-6	977.0
0.005	0.9822835483363564	1.673145625031786	0.0	0.0	0.0	56.5	10.1e-6	977.0
0.005	0.9830979549217226	1.6765442102366215	0.0	0.0	0.0	56.5	10.1e-6	977.0
0.005	1.010889110789232	1.6788451968866829	0.0	0.0	0.0	56.5	10.1e-6	977.0
0.005	0.9889967496250244	1.6789479680001187	0.0	0.0	0.0	56.75	10.1e-6	977.0
0.005	0.9870802379310384	1.678643538028457	0.0	0.0	0.0	56.75	10.1e-6	977.0
0.005	0.9924994359341721	1.6716272618383132	0.0	0.0	0.0	56.75	10.1e-6	977.0
0.005	1.0177937753399937	1.6732968229505265	0.0	0.0	0.0	56.75	10.1e-6	977.0
0.005	0.9903181147591927	1.6709874120597896	0.0	0.0	0.0	56.75	10.1e-6	977.0
0.005	1.0096502683274688	1.6760759766780602	0.0	0.0	0.0	57.0	10.1e-6	977.0
0.005	1.0038106069215307	1.6764491965127364	0.0	0.0	0.0	57.0	10.1e-6	977.0
0.005	0.99824258756206	1.670326154377243	0.0	0.0	0.0	57.0	10.1e-6	977.0
0.005	0.998845151790398	1.6762256259715784	0.0	0.0	0.0	57.0	10.1e-6	977.0
0.005	1.0161732057473154	1.67627164161245	0.0	0.0	0.0	57.0	10.1e-6	977.0
0.005	1.0175280531583113	1.6709791285094393	0.0	0.0	0.0	57.25	10.1e-6	977.0
0.005	1.011918264441806	1.673821454043801	0.0	0.0	0.0	57.25	10.1e-6	977.0
0.005	0.9890455618268844	1.6729022517846641	0.0	0.0	0.0	57.25	10.1e-6	977.0
0.005	1.0088379766184112	1.6756083168994456	0.0	0.0	0.0	57.25	10.1e-6	977.0
0.005	1.0113392823564722	1.6774404744343432	0.0	0.0	0.0	57.25	10.1e-6	977.0
0.005	0.9921830976298818	1.6782742687807966	0.0	0.0	0.0	60.0	10.1e-6	977.0
0.005	1.0150175060383908	1.6722048507428553	0.0	0.0	0.0	60.0	10.1e-6	977.0
0.005	0.9888244484652242	1.673941463356687	0.0	0.0	0.0	60.0	10.1e-6	977.0
0.005	0.9904628429234927	1.677267851248605	0.0	0.0	0.0	60.0	10.1e-6	977.0
0.005	0.9889122181566764	1.679463789340359	0.0	0.0	0.0	60.0	10.1e-6	977.0
0.005	1.0035199587347696	1.6725330250086823	0.0	0.0	0.0	60.25	10.1e-6	977.0
0.005	1.0050870414926163	1.6740052066599231	0.0	0.0	0.0	60.25	10.1e-6	977.0
0.005	0.9839312593352195	1.672032249433301	0.0	0.0	0.0	60.25	10.1e-6	977.0
0.005	1.0033945011771799	1.671856842741668	0.0	0.0	0.0	60.25	10.1e-6	977.0
0.005	1.006069247170731	1.672293672575116	0.0	0.0	0.0	60.25	10.1e-6	977.0
0.005	0.9840597877082923	1.6777000125069808	0.0	0.0	0.0	60.5	10.1e-6	977.0
0.005	1.0035968173106364	1.677105596902901	0.0	0.0	0.0	60.5	10.1e-6	977.0
0.005	0.9993436403102961	1.6737639242097	0.0	0.0	0.0	60.5	10.1e-6	977.0
0.005	1.0037295437672231	1.6768602501859526	0.0	0.0	0.0	60.5	10.1e-6	977.0
0.005	1.0046686868315224	1.672563731598846	0.0	0.0	0.0	60.5	10.1e-6	977.0
0.005	1.0079877828998327	1.6798960012819837	0.0	0.0	0.0	60.75	10.1e-6	977.0
0.005	1.0197349366921629	1.6702990088626675	0.0	0.0	0.0	60.75	10.1e-6	977.0
0.005	1.0076500178233438	1.6765768686437965	0.0	0.0	0.0	60.75	10.1e-6	977.0
0.005	1.014162735672056	1.6773688588664237	0.0	0.0	0.0	60.75	10.1e-6	977.0
0.005	1.0005597144188692	1.679445586452733	0.0	0.0	0.0	60.75	10.1e-6	977.0
0.005	1.0136616487588639	1.672190913845356	0.0	0.0	0.0	61.0	10.1e-6	977.0
0.005	1.0008606145974397	1.6772244435121975	0.0	0.0	0.0	61.0	10.1e-6	977.0
0.005	0.9942307094776844	1.6708145542237187	0.0	0.0	0.0	61.0	10.1e-6	977.0
0.005	0.9942219501573789	1.6744831398650948	0.0	0.0	0.0	61.0	10.1e-6	977.0
0.005	0.9926719362418869	1.6766319874659072	0.0	0.0	0.0	61.0	10.1e-6	977.0
0.005	1.0132502804711112	1.6760458306234058	0.0	0.0	0.0	61.25	10.1e-6	977.0
0.005	1.0112574420923832	1.6750828857804325	0.0	0.0	0.0	61.25	10.1e-6	977.0
0.005	1.018624399133081	1.6714818458112666	0.0	0.0	0.0	61.25	10.1e-6	977.0
0.005	0.9951871768333294	1.6788493178324244	0.0	0.0	0.0	61.25	10.1e-6	977.0
0.005	1.0085061193719165	1.6791042001691365	0.0	0.0	0.0	61.25	10.1e-6	977.0
0.005	0.9930478451697435	1.6771189486693354	0.0	0.0	0.0	61.5	10.1e-6	977.0
0.005	1.0107936996613123	1.676253831315568	0.0	0.0	0.0	61.5	10.1e-6	977.0
0.005	0.9866251659074915	1.6713651113191295	0.0	0.0	0.0	61.5	10.1e-6	977.0
0.005	0.9999341546820317	1.6751716130678547	0.0	0.0	0.0	61.5	10.1e-6	977.0
0.005	0.9888071284785138	1.6758259380408955	0.0	0.0	0.0	61.5	10.1e-6	977.0
0.005	0.9979490208120949	1.677927972873025	0.0	0.0	0.0	61.75	10.1e-6	977.0
0.005	1.010030219025696	1.6740684378605108	0.0	0.0	0.0	61.75	10.1e-6	977.0
0.005	1.0043878057334021	1.6751858631699545	0.0	0.0	0.0	61.75	10.1e-6	977.0
0.005	0.9912717706120224	1.671295843773741	0.0	0.0	0.0	61.75	10.1e-6	977.0
0.005	1.010383235346516	1.6790752929862023	0.0	0.0	0.0	61.75	10.1e-6	977.0
0.005	1.0019242266446895	1.6753158947823519	0.0	0.0	0.0	62.0	10.1e-6	977.0
0.005	0.9952774445901073	1.6712700101106799	0.0	0.0	0.0	62.0	10.1e-6	977.0
0.005	1.0198098806134306	1.6722758472024652	0.0	0.0	0.0	62.0	10.1e-6	977.0
0.005	0.9978747375923102	1.6734026172472178	0.0	0.0	0.0	62.0	10.1e-6	977.0
0.005	0.9821460666645555	1.6793865499653866	0.0	0.0	0.0	62.0	10.1e-6	977.0
0.005	0.9935699034253014	1.672719501234868	0.0	0.0	0.0	62.25	10.1e-6	977.0
0.005	1.0005627571292504	1.6784317767148222	0.0	0.0	0.0	62.25	10.1e-6	977.0
0.005	0.9937092088035377	1.6718212513450463	0.0	0.0	0.0	62.25	10.1e-6	977.0
0.005	1.012461074933548	1.677984348050865	0.0	0.0	0.0	62.25	10.1e-6	977.0
0.005	1.0146340881698996	1.672638411446014	0.0	0.0	0.0	62.25	10.1e-6	977.0
0.005	0.9855764268849613	1.6756661943413527	0.0	0.0	0.0	65.0	10.1e-6	977.0
0.005	0.9870345967688017	1.6706407270706356	0.0	0.0	0.0	65.0	10.1e-6	977.0
0.005	1.0138609918996497	1.670223502322928	0.0	0.0	0.0	65.0	10.1e-6	977.0
0.005	1.0112868127808805	1.6744285595928603	0.0	0.0	0.0	65.0	10.1e-6	977.0
0.005	1.0146775007262845	1.6791030380857577	0.0	0.0	0.0	65.0	10.1e-6	977.0
0.005	0.9901052616243682	1.678721330836679	0.0	0.0	0.0	65.25	10.1e-6	977.0
0.005	0.9929179041607065	1.6735827381047488	0.0	0.0	0.0	65.25	10.1e-6	977.0
0.005	0.988977798754084	1.6740366150088735	0.0	0.0	0.0	65.25	10.1e-6	977.0
0.005	0.9963579101010492	1.6752138345901868	0.0	0.0	0.0	65.25	10.1e-6	977.0
0.005	1.0008504237306617	1.6792659927999256	0.0	0.0	0.0	65.25	10.1e-6	977.0
0.005	1.0166975531908153	1.6768191371269212	0.0	0.0	0.0	65.5	10.1e-6	977.0
0.005	1.012092289469955	1.679644103948588	0.0	0.0	0.0	65.5	10.1e-6	977.0
0.005	0.990901155318833	1.6761445071007517	0.0	0.0	0.0	65.5	10.1e-6	977.0
0.005	0.9855425240745344	1.6766176667026642	0.0	0.0	0.0	65.5	10.1e-6	977.0
0.005	1.0033955888004953	1.6716534705259616	0.0	0.0	0.0	65.5	10.1e-6	977.0
0.005	1.0093576480297646	1.6790302639639785	0.0	0.0	0.0	65.75	10.1e-6	977.0
0.005	0.989476189527976	1.6766460659378264	0.0	0.0	0.0	65.75	10.1e-6	977.0
0.005	0.9893866830309764	1.6757808835512624	0.0	0.0	0.0	65.75	10.1e-6	977.0
0.005	1.0069518829316784	1.6796636046424671	0.0	0.0	0.0	65.75	10.1e-6	977.0
0.005	0.9881151802404525	1.6784364009655883	0.0	0.0	0.0	65.75	10.1e-6	977.0
0.005	0.9921535913030606	1.6721796319709914	0.0	0.0	0.0	66.0	10.1e-6	977.0
0.005	1.0081139728798654	1.6714384107478404	0.0	0.0	0.0	66.0	10.1e-6	977.0
0.005	1.0033646824587166	1.6757226661160765	0.0	0.0	0.0	66.0	10.1e-6	977.0
0.005	1.0035320848593658	1.670396568314387	0.0	0.0	0.0	66.0	10.1e-6	977.0
0.005	1.0070724962568915	1.6780716156656232	0.0	0.0	0.0	66.0	10.1e-6	977.0
0.005	0.993132867164937	1.6742390352890586	0.0	0.0	0.0	66.25	10.1e-6	977.0
0.005	0.9871940180651466	1.6709495270534955	0.0	0.0	0.0	66.25	10.1e-6	977.0
0.005	0.9817990874714763	1.6763019320732906	0.0	0.0	0.0	66.25	10.1e-6	977.0
0.005	0.9912596736504119	1.6798632610120248	0.0	0.0	0.0	66.25	10.1e-6	977.0
0.005	0.9846533585373275	1.6723644878770874	0.0	0.0	0.0	66.25	10.1e-6	977.0
0.005	1.0157685396216805	1.674322491490637	0.0	0.0	0.0	66.5	10.1e-6	977.0
0.005	1.012687401345353	1.6752046994553955	0.0	0.0	0.0	66.5	10.1e-6	977.0
0.005	1.014177077920036	1.6756163051655983	0.0	0.0	0.0	66.5	10.1e-6	977.0
0.005	0.9976166289997498	1.6780616213175719	0.0	0.0	0.0	66.5	10.1e-6	977.0
0.005	0.9859909441083965	1.6716522912009166	0.0	0.0	0.0	66.5	10.1e-6	977.0
0.005	0.987705426757825	1.6794032277560582	0.0	0.0	0.0	66.75	10.1e-6	977.0
0.005	0.9964116670473778	1.6763006638144755	0.0	0.0	0.0	66.75	10.1e-6	977.0
0.005	1.0168565682915178	1.6783424769343256	0.0	0.0	0.0	66.75	10.1e-6	977.0
0.005	1.0157738991607166	1.6737513735754481	0.0	0.0	0.0	66.75	10.1e-6	977.0
0.005	1.0123618183474878	1.679714001522116	0.0	0.0	0.0	66.75	10.1e-6	977.0
0.005	0.9846419657803285	1.6781478104694434	0.0	0.0	0.0	67.0	10.1e-6	977.0
0.005	1.015089223442171	1.6716178813708011	0.0	0.0	0.0	67.0	10.1e-6	977.0
0.005	0.9984841265427019	1.6722443742363056	0.0	0.0	0.0	67.0	10.1e-6	977.0
0.005	0.9807260799220802	1.6735623709491085	0.0	0.0	0.0	67.0	10.1e-6	977.0
0.005	0.9999228494676179	1.6788213295508063	0.0	0.0	0.0	67.0	10.1e-6	977.0
0.005	1.0108215915151297	1.670899000074084	0.0	0.0	0.0	67.25	10.1e-6	977.0
0.005	0.9995795295307465	1.6784254321470993	0.0	0.0	0.0	67.25	10.1e-6	977.0
0.005	1.0026338929579988	1.67382927223339	0.0	0.0	0.0	67.25	10.1e-6	977.0
0.005	0.9837378796579499	1.6702453453113104	0.0	0.0	0.0	67.25	10.1e-6	977.0
0.005	1.00558600939276	1.6761121712898626	0.0	0.0	0.0	67.25	10.1e-6	977.0
0.005	1.0031942165627779	1.6716225555121846	0.0	0.0	0.0	70.0	10.1e-6	977.0
0.005	1.0132455461685255	1.6731319334132353	0.0	0.0	0.0	70.0	10.1e-6	977.0
0.005	0.9871537850386158	1.6782097651634695	0.0	0.0	0.0	70.0	10.1e-6	977.0
0.005	1.0041610934662284	1.676022374920744	0.0	0.0	0.0	70.0	10.1e-6	977.0
0.005	0.9941772300951343	1.6742926739578463	0.0	0.0	0.0	70.0	10.1e-6	977.0
0.005	1.0023066496182285	1.6786162388606496	0.0	0.0	0.0	70.25	10.1e-6	977.0
0.005	0.9959645891993565	1.6714449149938162	0.0	0.0	0.0	70.25	10.1e-6	977.0
0.005	1.0064082503581566	1.6787502121911362	0.0	0.0	0.0	70.25	10.1e-6	977.0
0.005	1.0165404046439952	1.6772464553055146	0.0	0.0	0.0	70.25	10.1e-6	977.0
0.005	1.0123261045133143	1.6709440039171721	0.0	0.0	0.0	70.25	10.1e-6	977.0
0.005	1.0164656909088063	1.6730113031560638	0.0	0.0	0.0	70.5	10.1e-6	977.0
0.005	1.009723174888464	1.6744220938460002	0.0	0.0	0.0	70.5	10.1e-6	977.0
0.005	0.997340338152566	1.676495249075758	0.0	0.0	0.0	70.5	10.1e-6	977.0
0.005	1.0055782104455557	1.6772306976639162	0.0	0.0	0.0	70.5	10.1e-6	977.0
0.005	0.9907000825031577	1.6796614954868725	0.0	0.0	0.0	70.5	10.1e-6	977.0
0.005	0.9971697068828345	1.6704534091277887	0.0	0.0	0.0	70.75	10.1e-6	977.0
0.005	1.0065419759464609	1.6770701392226763	0.0	0.0	0.0	70.75	10.1e-6	977.0
0.005	0.9968482069471615	1.6796010211480648	0.0	0.0	0.0	70.75	10.1e-6	977.0
0.005	1.0077450617022004	1.6768277532701352	0.0	0.0	0.0	70.75	10.1e-6	977.0
0.005	0.9819120747450927	1.6740900869405098	0.0	0.0	0.0	70.75	10.1e-6	977.0
0.005	1.005228329428761	1.6744902317499404	0.0	0.0	0.0	71.0	10.1e-6	977.0
0.005	1.0145783450695829	1.6765476370233696	0.0	0.0	0.0	71.0	10.1e-6	977.0
0.005	1.0059658704560543	1.679099277038377	0.0	0.0	0.0	71.0	10.1e-6	977.0
0.005	0.9824198620935528	1.679068162786526	0.0	0.0	0.0	71.0	10.1e-6	977.0
0.005	1.0168526019456543	1.676090865031155	0.0	0.0	0.0	71.0	10.1e-6	977.0
0.005	1.0075403347555987	1.671083992816914	0.0	0.0	0.0	71.25	10.1e-6	977.0
0.005	0.9902681362666684	1.6725496164416398	0.0	0.0	0.0	71.25	10.1e-6	977.0
0.005	0.9855512646771734	1.6752511045965572	0.0	0.0	0.0	71.25	10.1e-6	977.0
0.005	1.0124415250341248	1.6748486336670063	0.0	0.0	0.0	71.25	10.1e-6	977.0
0.005	1.0074519063716016	1.679670404538595	0.0	0.0	0.0	71.25	10.1e-6	977.0
0.005	0.9962758662794038	1.6738596113001358	0.0	0.0	0.0	71.5	10.1e-6	977.0
0.005	1.0154223168110459	1.6771428417221983	0.0	0.0	0.0	71.5	10.1e-6	977.0
0.005	0.9844516865161886	1.672953298122651	0.0	0.0	0.0	71.5	10.1e-6	977.0
0.005	0.9939228242646739	1.674626915785997	0.0	0.0	0.0	71.5	10.1e-6	977.0
0.005	1.0167648621763326	1.6766263221553477	0.0	0.0	0.0	71.5	10.1e-6	977.0
0.005	1.00533328701024	1.6757262529879595	0.0	0.0	0.0	71.75	10.1e-6	977.0
0.005	1.0091067865483039	1.6795165484458556	0.0	0.0	0.0	71.75	10.1e-6	977.0
0.005	1.0112923422867128	1.6772394285538015	0.0	0.0	0.0	71.75	10.1e-6	977.0
0.005	1.0072942288946185	1.674211773324948	0.0	0.0	0.0	71.75	10.1e-6	977.0
0.005	0.9917111013760829	1.6751076441241002	0.0	0.0	0.0	71.75	10.1e-6	977.0
0.005	0.9920365192228067	1.6791334512708458	0.0	0.0	0.0	72.0	10.1e-6	977.0
0.005	0.9828029697475852	1.6719811310678463	0.0	0.0	0.0	72.0	10.1e-6	977.0
0.005	1.0101695434580538	1.6763285594096742	0.0	0.0	0.0	72.0	10.1e-6	977.0
0.005	1.0177111267109886	1.6712974597769827	0.0	0.0	0.0	72.0	10.1e-6	977.0
0.005	0.9887036370977024	1.6718894499332444	0.0	0.0	0.0	72.0	10.1e-6	977.0
0.005	0.9959079891786972	1.673235501703891	0.0	0.0	0.0	72.25	10.1e-6	977.0
0.005	0.9819349591584258	1.6747203010262046	0.0	0.0	0.0	72.25	10.1e-6	977.0
0.005	0.9893256754292431	1.6735464029834717	0.0	0.0	0.0	72.25	10.1e-6	977.0
0.005	0.9885675875543772	1.6761887133978768	0.0	0.0	0.0	72.25	10.1e-6	977.0
0.005	1.0028655431849103	1.675840178502051	0.0	0.0	0.0	72.25	10.1e-6	977.0
0.005	0.9947282334367276	1.6791211170809397	0.0	0.0	0.0	75.0	10.1e-6	977.0
0.005	1.0074002631941688	1.6799997446461963	0.0	0.0	0.0	75.0	10.1e-6	977.0
0.005	0.9812666250501578	1.6747165031366698	0.0	0.0	0.0	75.0	10.1e-6	977.0
0.005	1.006869260985714	1.6764298038230576	0.0	0.0	0.0	75.0	10.1e-6	977.0
0.005	0.9897088322998782	1.6710201680547794	0.0	0.0	0.0	75.0	10.1e-6	977.0
0.005	1.002078589505703	1.6719899722838891	0.0	0.0	0.0	75.25	10.1e-6	977.0
0.005	1.004926301561349	1.6737934139148116	0.0	0.0	0.0	75.25	10.1e-6	977.0
0.005	0.9812378659485729	1.671775749603612	0.0	0.0	0.0	75.25	10.1e-6	977.0
0.005	1.0126454686366722	1.6716055102522147	0.0	0.0	0.0	75.25	10.1e-6	977.0
0.005	0.9841942370839816	1.671889315547747	0.0	0.0	0.0	75.25	10.1e-6	977.0
0.005	1.016905043739178	1.6789409848373626	0.0	0.0	0.0	75.5	10.1e-6	977.0
0.005	1.0164705474962394	1.6768614535526436	0.0	0.0	0.0	75.5	10.1e-6	977.0
0.005	1.0178578671258764	1.6706290495439218	0.0	0.0	0.0	75.5	10.1e-6	977.0
0.005	1.0114087478024771	1.6777261049753018	0.0	0.0	0.0	75.5	10.1e-6	977.0
0.005	0.9934635469587789	1.672559055399201	0.0	0.0	0.0	75.5	10.1e-6	977.0
0.005	0.9977813082547639	1.6701416902567803	0.0	0.0	0.0	75.75	10.1e-6	977.0
0.005	1.0137272572229585	1.673404091393358	0.0	0.0	0.0	75.75	10.1e-6	977.0
0.005	0.981060553120321	1.6756659087587833	0.0	0.0	0.0	75.75	10.1e-6	977.0
0.005	1.016057249560141	1.679576435823076	0.0	0.0	0.0	75.75	10.1e-6	977.0
0.005	1.012869562853625	1.6763680485670263	0.0	0.0	0.0	75.75	10.1e-6	977.0
0.005	1.0128857304505954	1.679856656167166	0.0	0.0	0.0	76.0	10.1e-6	977.0
0.005	0.9995323850877386	1.6716844491280975	0.0	0.0	0.0	76.0	10.1e-6	977.0
0.005	0.9830294818362896	1.6735217564369798	0.0	0.0	0.0	76.0	10.1e-6	977.0
0.005	0.9826875410676157	1.6734613347481622	0.0	0.0	0.0	76.0	10.1e-6	977.0
0.005	0.9854742032878226	1.6761605368557881	0.0	0.0	0.0	76.0	10.1e-6	977.0
0.005	1.014761354415205	1.6773634816383132	0.0	0.0	0.0	76.25	10.1e-6	977.0
0.005	1.0135831519797167	1.678585046490805	0.0	0.0	0.0	76.25	10.1e-6	977.0
0.005	0.9972404103178306	1.6778779470127025	0.0	0.0	0.0	76.25	10.1e-6	977.0
0.005	1.0055337275762093	1.6751768404885248	0.0	0.0	0.0	76.25	10.1e-6	977.0
0.005	1.012107347341923	1.6779004211881963	0.0	0.0	0.0	76.25	10.1e-6	977.0
0.005	0.9813460491920628	1.6763004686053973	0.0	0.0	0.0	76.5	10.1e-6	977.0
0.005	1.0066843867769648	1.6715280223990037	0.0	0.0	0.0	76.5	10.1e-6	977.0
0.005	0.9826102243776357	1.675092333007448	0.0	0.0	0.0	76.5	10.1e-6	977.0
0.005	0.9933008873774999	1.6790390114369995	0.0	0.0	0.0	76.5	10.1e-6	977.0
0.005	1.009686395296637	1.6702124289229547	0.0	0.0	0.0	76.5	10.1e-6	977.0
0.005	0.9999243511896647	1.6775659728223618	0.0	0.0	0.0	76.75	10.1e-6	977.0
0.005	1.013791713819371	1.6761374144286916	0.0	0.0	0.0	76.75	10.1e-6	977.0
0.005	0.9984471584189241	1.678214892370727	0.0	0.0	0.0	76.75	10.1e-6	977.0
0.005	0.9848318460309632	1.6786645791548196	0.0	0.0	0.0	76.75	10.1e-6	977.0
0.005	1.0196396102350462	1.6708328599086968	0.0	0.0	0.0	76.75	10.1e-6	977.0
0.005	0.9873307985626711	1.6700034514836686	0.0	0.0	0.0	77.0	10.1e-6	977.0
0.005	1.0075426851129325	1.6771361561800495	0.0	0.0	0.0	77.0	10.1e-6	977.0
0.005	1.0027716814016234	1.6756544535703652	0.0	0.0	0.0	77.0	10.1e-6	977.0
0.005	1.0038662977907062	1.6791598417263274	0.0	0.0	0.0	77.0	10.1e-6	977.0
0.005	0.9985572939008258	1.6789261957107988	0.0	0.0	0.0	77.0	10.1e-6	977.0
0.005	1.0006787095827436	1.67969418021695	0.0	0.0	0.0	77.25	10.1e-6	977.0
0.005	0.9880826677115566	1.6711643121976285	0.0	0.0	0.0	77.25	10.1e-6	977.0
0.005	0.9949127745957373	1.6798435819327466	0.0	0.0	0.0	77.25	10.1e-6	977.0
0.005	1.0138507008367372	1.6721872559872042	0.0	0.0	0.0	77.25	10.1e-6	977.0
0.005	0.9941749145514913	1.6721612525426306	0.0	0.0	0.0	77.25	10.1e-6	977.0
0.005	1.013733254894993	1.6712377951592625	0.0	0.0	0.0	80.0	10.1e-6	977.0
0.005	1.0060296137681726	1.670651048990667	0.0	0.0	0.0	80.0	10.1e-6	977.0
0.005	1.0140103594166205	1.679245826058733	0.0	0.0	0.0	80.0	10.1e-6	977.0
0.005	1.00775630506974	1.677966900934116	0.0	0.0	0.0	80.0	10.1e-6	977.0
0.005	1.000315866448457	1.6734384491146352	0.0	0.0	0.0	80.0	10.1e-6	977.0
0.005	0.9842589267059904	1.6768914523438068	0.0	0.0	0.0	80.25	10.1e-6	977.0
0.005	0.9985628017591308	1.6790679809053732	0.0	0.0	0.0	80.25	10.1e-6	977.0
0.005	1.0123530566716317	1.6775756375150102	0.0	0.0	0.0	80.25	10.1e-6	977.0
0.005	1.0104184955238613	1.6700815660695205	0.0	0.0	0.0	80.25	10.1e-6	977.0
0.005	1.018682785970238	1.6741520737264763	0.0	0.0	0.0	80.25	10.1e-6	977.0
0.005	1.0100424483209773	1.6744194071936493	0.0	0.0	0.0	80.5	10.1e-6	977.0
0.005	1.0138469486550907	1.670525121740922	0.0	0.0	0.0	80.5	10.1e-6	977.0
0.005	0.9817036453540948	1.6781935622623945	0.0	0.0	0.0	80.5	10.1e-6	977.0
0.005	0.9818791546903277	1.6720157893561949	0.0	0.0	0.0	80.5	10.1e-6	977.0
0.005	1.0059265254151781	1.676983113177557	0.0	0.0	0.0	80.5	10.1e-6	977.0
0.005	0.9842210116853652	1.674400751059154	0.0	0.0	0.0	80.75	10.1e-6	977.0
0.005	0.9851047102512984	1.670520764423626	0.0	0.0	0.0	80.75	10.1e-6	977.0
0.005	0.9905015414902558	1.6788137998383554	0.0	0.0	0.0	80.75	10.1e-6	977.0
0.005	1.0047765905910404	1.6785123104882878	0.0	0.0	0.0	80.75	10.1e-6	977.0
0.005	1.0111898921140372	1.670820935176029	0.0	0.0	0.0	80.75	10.1e-6	977.0
0.005	1.0089210983390207	1.679303412404353	0.0	0.0	0.0	81.0	10.1e-6	977.0
0.005	0.9821596246401539	1.6754151988875754	0.0	0.0	0.0	81.0	10.1e-6	977.0
0.005	1.0128159979826221	1.6702544449921	0.0	0.0	0.0	81.0	10.1e-6	977.0
0.005	1.0094303985747608	1.6713588754336666	0.0	0.0	0.0	81.0	10.1e-6	977.0
0.005	1.00604809904853	1.6739644181901365	0.0	0.0	0.0	81.0	10.1e-6	977.0
0.005	0.99214740428028	1.677421612300189	0.0	0.0	0.0	81.25	10.1e-6	977.0
0.005	1.0017863899532562	1.675034022084486	0.0	0.0	0.0	81.25	10.1e-6	977.0
0.005	0.9932304396720775	1.676087741842838	0.0	0.0	0.0	81.25	10.1e-6	977.0
0.005	0.9807893314717425	1.6788457287091492	0.0	0.0	0.0	81.25	10.1e-6	977.0
0.005	0.9862760288916391	1.6773360357401161	0.0	0.0	0.0	81.25	10.1e-6	977.0
0.005	0.9936463799476358	1.6753966806636438	0.0	0.0	0.0	81.5	10.1e-6	977.0
0.005	0.9876559186890617	1.6713021360191047	0.0	0.0	0.0	81.5	10.1e-6	977.0
0.005	1.0160851731299998	1.6757934936721255	0.0	0.0	0.0	81.5	10.1e-6	977.0
0.005	1.0064455868281708	1.6701991513035293	0.0	0.0	0.0	81.5	10.1e-6	977.0
0.005	1.0105903587854088	1.6756261654688045	0.0	0.0	0.0	81.5	10.1e-6	977.0
0.005	1.006869091491656	1.6719021221186945	0.0	0.0	0.0	81.75	10.1e-6	977.0
0.005	0.9988454226419805	1.6768572215652846	0.0	0.0	0.0	81.75	10.1e-6	977.0
0.005	0.9972885962830029	1.6753870746323853	0.0	0.0	0.0	81.75	10.1e-6	977.0
0.005	0.9952506101708334	1.6728454513773927	0.0	0.0	0.0	81.75	10.1e-6	977.0
0.005	0.9974319506462418	1.6728714578869441	0.0	0.0	0.0	81.75	10.1e-6	977.0
0.005	0.9994391401157044	1.6769639991802836	0.0	0.0	0.0	82.0	10.1e-6	977.0
0.005	0.9802680174573594	1.6746645706634915	0.0	0.0	0.0	82.0	10.1e-6	977.0
0.005	1.0057128799642496	1.6720106176762763	0.0	0.0	0.0	82.0	10.1e-6	977.0
0.005	1.0044594265507778	1.6732382893002573	0.0	0.0	0.0	82.0	10.1e-6	977.0
0.005	1.001962791925586	1.6746762772081856	0.0	0.0	0.0	82.0	10.1e-6	977.0
0.005	1.0160723848235158	1.6741314591794365	0.0	0.0	0.0	82.25	10.1e-6	977.0
0.005	1.019517723201424	1.6706873359528738	0.0	0.0	0.0	82.25	10.1e-6	977.0
0.005	1.006382498743719	1.671347194508401	0.0	0.0	0.0	82.25	10.1e-6	977.0
0.005	1.0117586072984261	1.6714554165332773	0.0	0.0	0.0	82.25	10.1e-6	977.0
0.005	1.0173768341921012	1.67415563789738	0.0	0.0	0.0	82.25	10.1e-6	977.0
0.005	1.00704553642402	1.6711351598849806	0.0	0.0	0.0	85.0	10.1e-6	977.0
0.005	0.9880787983899907	1.6777857046966649	0.0	0.0	0.0	85.0	10.1e-6	977.0
0.005	0.9887217379499303	1.6765199466846923	0.0	0.0	0.0	85.0	10.1e-6	977.0
0.005	1.0053678158891146	1.6737801146705857	0.0	0.0	0.0	85.0	10.1e-6	977.0
0.005	0.9988808997384157	1.679224390813322	0.0	0.0	0.0	85.0	10.1e-6	977.0
0.005	1.0026026297925326	1.6760876724699227	0.0	0.0	0.0	85.25	10.1e-6	977.0
0.005	1.017034905663927	1.6780205223204643	0.0	0.0	0.0	85.25	10.1e-6	977.0
0.005	1.0023333676444437	1.6703886021663927	0.0	0.0	0.0	85.25	10.1e-6	977.0
0.005	0.9896695542803693	1.6785452416479894	0.0	0.0	0.0	85.25	10.1e-6	977.0
0.005	1.0174745240145364	1.6785713000228857	0.0	0.0	0.0	85.25	10.1e-6	977.0
0.005	1.013404006105247	1.67901530964335	0.0	0.0	0.0	85.5	10.1e-6	977.0
0.005	0.9832034961860205	1.6786444425787892	0.0	0.0	0.0	85.5	10.1e-6	977.0
0.005	1.0003137574837062	1.6735232053088889	0.0	0.0	0.0	85.5	10.1e-6	977.0
0.005	0.9820557759883369	1.6738686533017277	0.0	0.0	0.0	85.5	10.1e-6	977.0
0.005	1.0076484349059565	1.674604736646084	0.0	0.0	0.0	85.5	10.1e-6	977.0
0.005	1.0119661998641893	1.6740318722183904	0.0	0.0	0.0	85.75	10.1e-6	977.0
0.005	0.9800966422870808	1.6772396329142614	0.0	0.0	0.0	85.75	10.1e-6	977.0
0.005	0.9948347219790125	1.6746487216696306	0.0	0.0	0.0	85.75	10.1e-6	977.0
0.005	1.004068870075617	1.675118649734393	0.0	0.0	0.0	85.75	10.1e-6	977.0
0.005	1.0126385986757152	1.6706607002309628	0.0	0.0	0.0	85.75	10.1e-6	977.0
0.005	1.0181343014187427	1.676461417313605	0.0	0.0	0.0	86.0	10.1e-6	977.0
0.005	0.9841695983704858	1.6773129381802745	0.0	0.0	0.0	86.0	10.1e-6	977.0
0.005	0.999590901751928	1.6744886929447118	0.0	0.0	0.0	86.0	10.1e-6	977.0
0.005	1.017674802617162	1.6715156441494043	0.0	0.0	0.0	86.0	10.1e-6	977.0
0.005	0.9867200780120483	1.6797349140063205	0.0	0.0	0.0	86.0	10.1e-6	977.0
0.005	0.9962690960962409	1.679796379857709	0.0	0.0	0.0	86.25	10.1e-6	977.0
0.005	0.9972860139545835	1.6758727641246354	0.0	0.0	0.0	86.25	10.1e-6	977.0
0.005	0.9811493917434345	1.6770857473587188	0.0	0.0	0.0	86.25	10.1e-6	977.0
0.005	0.9910030938917717	1.673810854255935	0.0	0.0	0.0	86.25	10.1e-6	977.0
0.005	0.9960905589436686	1.6733178345606414	0.0	0.0	0.0	86.25	10.1e-6	977.0
0.005	1.0032067533368794	1.670443092552654	0.0	0.0	0.0	86.5	10.1e-6	977.0
0.005	1.008537942874522	1.6737010700356278	0.0	0.0	0.0	86.5	10.1e-6	977.0
0.005	1.0182355196432993	1.6729485868717449	0.0	0.0	0.0	86.5	10.1e-6	977.0
0.005	1.0055936117939743	1.6732716309325624	0.0	0.0	0.0	86.5	10.1e-6	977.0
0.005	1.0017239947344687	1.6741243914195048	0.0	0.0	0.0	86.5	10.1e-6	977.0
0.005	1.0156746141998103	1.6747095555368843	0.0	0.0	0.0	86.75	10.1e-6	977.0
0.005	1.0014361863636116	1.6701880774789546	0.0	0.0	0.0	86.75	10.1e-6	977.0
0.005	1.0039889459793265	1.6790530007960671	0.0	0.0	0.0	86.75	10.1e-6	977.0
0.005	0.9969340305278226	1.671151771511745	0.0	0.0	0.0	86.75	10.1e-6	977.0
0.005	0.9820848134812915	1.6763888425359237	0.0	0.0	0.0	86.75	10.1e-6	977.0
0.005	0.9882352204552963	1.6771380074056899	0.0	0.0	0.0	87.0	10.1e-6	977.0
0.005	1.0070831561202624	1.670391217516316	0.0	0.0	0.0	87.0	10.1e-6	977.0
0.005	0.9930893968217491	1.6791285475807016	0.0	0.0	0.0	87.0	10.1e-6	977.0
0.005	0.9886122873441091	1.6784911717458122	0.0	0.0	0.0	87.0	10.1e-6	977.0
0.005	1.0166551680096976	1.6766270090347615	0.0	0.0	0.0	87.0	10.1e-6	977.0
0.005	1.0034031394804404	1.6794617168365105	0.0	0.0	0.0	87.25	10.1e-6	977.0
0.005	0.9885215913571344	1.6753377646669012	0.0	0.0	0.0	87.25	10.1e-6	977.0
0.005	1.0111882600352615	1.6726409260202133	0.0	0.0	0.0	87.25	10.1e-6	977.0
0.005	0.9832987251300029	1.6750143272267157	0.0	0.0	0.0	87.25	10.1e-6	977.0
0.005	0.9856257144732837	1.6746916839669908	0.0	0.0	0.0	87.25	10.1e-6	977.0
0.005	0.9998564161217918	1.673724071086189	0.0	0.0	0.0	90.0	10.1e-6	977.0
0.005	1.0176962527021396	1.6719357305055091	0.0	0.0	0.0	90.0	10.1e-6	977.0
0.005	1.0096058920834343	1.675525743752498	0.0	0.0	0.0	90.0	10.1e-6	977.0
0.005	1.0126608543572744	1.6742216007187962	0.0	0.0	0.0	90.0	10.1e-6	977.0
0.005	1.0063167837742297	1.6783583903247226	0.0	0.0	0.0	90.0	10.1e-6	977.0
0.005	0.9874990308170257	1.6702149423250363	0.0	0.0	0.0	90.25	10.1e-6	977.0
0.005	1.0118602765496867	1.6758082405510424	0.0	0.0	0.0	90.25	10.1e-6	977.0
0.005	0.9927024770925497	1.6757529477290332	0.0	0.0	0.0	90.25	10.1e-6	977.0
0.005	0.9847102521049913	1.6796008253857329	0.0	0.0	0.0	90.25	10.1e-6	977.0
0.005	1.0004007168304472	1.6706755041144903	0.0	0.0	0.0	90.25	10.1e-6	977.0
0.005	0.989342086589264	1.6776323588923634	0.0	0.0	0.0	90.5	10.1e-6	977.0
0.005	1.0007205379026392	1.6705179965549009	0.0	0.0	0.0	90.5	10.1e-6	977.0
0.005	1.0157350625303285	1.6740424082683563	0.0	0.0	0.0	90.5	10.1e-6	977.0
0.005	0.9948793436768606	1.6748300590791732	0.0	0.0	0.0	90.5	10.1e-6	977.0
0.005	1.019297081635477	1.6701653786708315	0.0	0.0	0.0	90.5	10.1e-6	977.0
0.005	0.9880819954548299	1.6755300475966226	0.0	0.0	0.0	90.75	10.1e-6	977.0
0.005	0.9912417418643137	1.6789720100467647	0.0	0.0	0.0	90.75	10.1e-6	977.0
0.005	1.0078524575598764	1.67173970330371	0.0	0.0	0.0	90.75	10.1e-6	977.0
0.005	1.0097776253742419	1.6720680835043227	0.0	0.0	0.0	90.75	10.1e-6	977.0
0.005	0.9834349144190963	1.673385467213973	0.0	0.0	0.0	90.75	10.1e-6	977.0
0.005	0.9900447400375733	1.6702358994750628	0.0	0.0	0.0	91.0	10.1e-6	977.0
0.005	1.0051346005622968	1.6779335135832143	0.0	0.0	0.0	91.0	10.1e-6	977.0
0.005	1.000910537165133	1.6751310679766027	0.0	0.0	0.0	91.0	10.1e-6	977.0
0.005	0.9899742687451867	1.6707712714838558	0.0	0.0	0.0	91.0	10.1e-6	977.0
0.005	0.982632521989012	1.6750307084546483	0.0	0.0	0.0	91.0	10.1e-6	977.0
0.005	1.0083561771787368	1.6756575008637542	0.0	0.0	0.0	91.25	10.1e-6	977.0
0.005	0.9805522240879001	1.6759706346285232	0.0	0.0	0.0	91.25	10.1e-6	977.0
0.005	0.9955290021127432	1.6713267250915445	0.0	0.0	0.0	91.25	10.1e-6	977.0
0.005	0.9829954992435032	1.6776126038016492	0.0	0.0	0.0	91.25	10.1e-6	977.0
0.005	1.0144350650378973	1.6742524068576412	0.0	0.0	0.0	91.25	10.1e-6	977.0
0.005	1.0132364892969319	1.677024400082705	0.0	0.0	0.0	91.5	10.1e-6	977.0
0.005	0.9822293755109038	1.6792908454134516	0.0	0.0	0.0	91.5	10.1e-6	977.0
0.005	0.9899520287825786	1.6701952230328747	0.0	0.0	0.0	91.5	10.1e-6	977.0
0.005	0.9921579527351589	1.6756037763517084	0.0	0.0	0.0	91.5	10.1e-6	977.0
0.005	1.0131972194892045	1.6707200407931975	0.0	0.0	0.0	91.5	10.1e-6	977.0
0.005	1.0156286092324827	1.6727015953917976	0.0	0.0	0.0	91.75	10.1e-6	977.0
0.005	0.9944734835764103	1.6761900334894513	0.0	0.0	0.0	91.75	10.1e-6	977.0
0.005	1.0085773362507204	1.6799340004594312	0.0	0.0	0.0	91.75	10.1e-6	977.0
0.005	1.0199855528951607	1.67478107564808	0.0	0.0	0.0	91.75	10.1e-6	977.0
0.005	1.0127288050038827	1.6786109069425057	0.0	0.0	0.0	91.75	10.1e-6	977.0
0.005	1.0013278832931183	1.6787225982635652	0.0	0.0	0.0	92.0	10.1e-6	977.0
0.005	0.998729534480092	1.6754471886539755	0.0	0.0	0.0	92.0	10.1e-6	977.0
0.005	1.003803401673112	1.6778176295904823	0.0	0.0	0.0	92.0	10.1e-6	977.0
0.005	0.9913777245783183	1.6706850973287517	0.0	0.0	0.0	92.0	10.1e-6	977.0
0.005	1.0046246034567976	1.6798336141354078	0.0	0.0	0.0	92.0	10.1e-6	977.0
0.005	1.0042599092349602	1.6709863280003192	0.0	0.0	0.0	92.25	10.1e-6	977.0
0.005	1.012590962408711	1.6723372624064243	0.0	0.0	0.0	92.25	10.1e-6	977.0
0.005	0.9851691341423274	1.6796592064726734	0.0	0.0	0.0	92.25	10.1e-6	977.0
0.005	0.9902718490360374	1.6798241340158018	0.0	0.0	0.0	92.25	10.1e-6	977.0
0.005	0.9872749225106601	1.6743390653917667	0.0	0.0	0.0	92.25	10.1e-6	977.0
0.005	0.9921617695335808	1.671272357395576	0.0	0.0	0.0	95.0	10.1e-6	977.0
0.005	0.9959598839995737	1.6709680789559669	0.0	0.0	0.0	95.0	10.1e-6	977.0
0.005	0.984607320380085	1.679515437366079	0.0	0.0	0.0	95.0	10.1e-6	977.0
0.005	1.0099194357753873	1.6780011908622128	0.0	0.0	0.0	95.0	10.1e-6	977.0
0.005	0.993566786053671	1.6769541342103906	0.0	0.0	0.0	95.0	10.1e-6	977.0
0.005	1.0096071414410532	1.6785971407974338	0.0	0.0	0.0	95.25	10.1e-6	977.0
0.005	1.0168484617694753	1.6750535958558699	0.0	0.0	0.0	95.25	10.1e-6	977.0
0.005	0.9835179559915715	1.6765118489186286	0.0	0.0	0.0	95.25	10.1e-6	977.0
0.005	1.0144584907743732	1.6755585698029911	0.0	0.0	0.0	95.25	10.1e-6	977.0
0.005	1.0123764879412793	1.6782359864964143	0.0	0.0	0.0	95.25	10.1e-6	977.0
0.005	0.9967586361707375	1.6745476369986931	0.0	0.0	0.0	95.5	10.1e-6	977.0
0.005	1.0184679158671703	1.673179465715723	0.0	0.0	0.0	95.5	10.1e-6	977.0
0.005	0.981134047342798	1.6782617044520027	0.0	0.0	0.0	95.5	10.1e-6	977.0
0.005	0.9803116887782474	1.6784283458560514	0.0	0.0	0.0	95.5	10.1e-6	977.0
0.005	1.000973326383244	1.6711332047533143	0.0	0.0	0.0	95.5	10.1e-6	977.0
0.005	1.0027769041729337	1.6727715398915066	0.0	0.0	0.0	95.75	10.1e-6	977.0
0.005	1.0127681851365804	1.6749862801040547	0.0	0.0	0.0	95.75	10.1e-6	977.0
0.005	1.006889619797965	1.674705967885792	0.0	0.0	0.0	95.75	10.1e-6	977.0
0.005	0.9907912782389673	1.675716957970289	0.0	0.0	0.0	95.75	10.1e-6	977.0
0.005	1.0034087460487833	1.6700989137515423	0.0	0.0	0.0	95.75	10.1e-6	977.0
0.005	0.9850280326353487	1.6795255538783085	0.0	0.0	0.0	96.0	10.1e-6	977.0
0.005	0.9927645967720411	1.674789962970646	0.0	0.0	0.0	96.0	10.1e-6	977.0
0.005	0.98694799881015	1.6738870212240182	0.0	0.0	0.0	96.0	10.1e-6	977.0
0.005	1.0127822761612744	1.670551145899398	0.0	0.0	0.0	96.0	10.1e-6	977.0
0.005	0.9987180772097062	1.6763131031537295	0.0	0.0	0.0	96.0	10.1e-6	977.0
0.005	1.012740401095788	1.673171195043647	0.0	0.0	0.0	96.25	10.1e-6	977.0
0.005	0.9804290274677545	1.6786422924393807	0.0	0.0	0.0	96.25	10.1e-6	977.0
0.005	1.0042402826664718	1.6757676382738405	0.0	0.0	0.0	96.25	10.1e-6	977.0
0.005	0.9939898037086783	1.6743422731351614	0.0	0.0	0.0	96.25	10.1e-6	977.0
0.005	1.0126084100406423	1.6758373676939196	0.0	0.0	0.0	96.25	10.1e-6	977.0
0.005	0.9876294617541792	1.673473396998575	0.0	0.0	0.0	96.5	10.1e-6	977.0
0.005	1.0173353802906404	1.6751212291355495	0.0	0.0	0.0	96.5	10.1e-6	977.0
0.005	1.008025883108184	1.6720650512011432	0.0	0.0	0.0	96.5	10.1e-6	977.0
0.005	0.9977639968417817	1.6702301383793587	0.0	0.0	0.0	96.5	10.1e-6	977.0
0.005	1.0018137205259914	1.6773697278571555	0.0	0.0	0.0	96.5	10.1e-6	977.0
0.005	0.9924739252189096	1.6728092966418797	0.0	0.0	0.0	96.75	10.1e-6	977.0
0.005	1.0168707081084407	1.6711382250752211	0.0	0.0	0.0	96.75	10.1e-6	977.0
0.005	1.0044532085883995	1.675590512033099	0.0	0.0	0.0	96.75	10.1e-6	977.0
0.005	1.0190335132111399	1.6762036195003134	0.0	0.0	0.0	96.75	10.1e-6	977.0
0.005	1.0093329423874429	1.6776497564151267	0.0	0.0	0.0	96.75	10.1e-6	977.0
0.005	0.999385174568553	1.6728680255576478	0.0	0.0	0.0	97.0	10.1e-6	977.0
0.005	1.0177275088933964	1.6762164038355805	0.0	0.0	0.0	97.0	10.1e-6	977.0
0.005	0.9812721091255525	1.6715644083025993	0.0	0.0	0.0	97.0	10.1e-6	977.0
0.005	1.0041316875258777	1.6748472510470704	0.0	0.0	0.0	97.0	10.1e-6	977.0
0.005	1.0018895938125294	1.6725188015737493	0.0	0.0	0.0	97.0	10.1e-6	977.0
0.005	0.9870025237423703	1.6752258907683564	0.0	0.0	0.0	97.25	10.1e-6	977.0
0.005	1.018488859420497	1.6766762879804058	0.0	0.0	0.0	97.25	10.1e-6	977.0
0.005	0.9920012507995809	1.6762947810554767	0.0	0.0	0.0	97.25	10.1e-6	977.0
0.005	1.0183514056676717	1.6731448107554132	0.0	0.0	0.0	97.25	10.1e-6	977.0
0.005	1.0071619964436058	1.6764976433744596	0.0	0.0	0.0	97.25	10.1e-6	977.0
0.005	1.0154305447273593	1.6736975729628751	0.0	0.0	0.0	100.0	10.1e-6	977.0
0.005	1.0161325604427272	1.6770891344181356	0.0	0.0	0.0	100.0	10.1e-6	977.0
0.005	1.0153989063423003	1.6771806194174055	0.0	0.0	0.0	100.0	10.1e-6	977.0
0.005	1.0060694935532741	1.6743546777599978	0.0	0.0	0.0	100.0	10.1e-6	977.0
0.005	0.9985364570946038	1.6712511914307662	0.0	0.0	0.0	100.0	10.1e-6	977.0
